0 0
-1 -1
-1 -1
0 0
0 -1
0 -2
1 -3
2 -2
3 -2
2 -3
2 -4
2 -5
2 -6
3 -6
2 -6
3 -6
2 -5
1 -4
2 -4
2 -5
3 -4
4 -4
5 -3
6 -2
7 -3
6 -3
7 -2
8 -1
9 -2
8 -2
8 -2
8 -2
7 -1
8 -2
8 -1
9 -1
8 0
8 -1
8 -1
8 0
7 1
6 0
6 1
7 2
7 3
7 2
8 1
8 2
9 2
10 3
11 2
10 3
11 3
11 2
10 1
10 2
11 2
12 2
11 2
12 2
13 3
13 4
13 3
14 3
15 4
16 5
16 4
15 3
16 4
16 5
16 5
17 4
18 5
18 6
17 6
16 5
16 6
16 5
17 4
17 5
18 5
19 4
18 5
19 4
18 3
18 2
17 3
16 4
17 4
16 5
16 5
15 6
14 5
13 4
12 5
12 5
13 5
12 6
12 5
13 5
12 4
13 4
12 3
11 2
12 1
11 2
12 1
13 2
12 2
11 3
10 2
9 2
8 1
9 2
9 1
8 2
7 3
8 2
8 2
8 1
7 2
8 1
7 2
7 3
6 3
7 2
8 3
7 3
6 3
6 4
6 5
6 5
6 6
6 7
6 6
6 5
6 4
7 4
8 5
7 5
7 5
6 5
6 4
5 3
6 2
6 3
6 4
7 5
6 5
5 5
4 6
4 6
3 7
4 8
4 8
3 9
4 9
4 10
4 10
4 9
4 8
3 8
4 7
4 7
3 7
2 8
2 7
3 8
4 8
5 7
4 7
3 7
3 7
2 8
3 7
3 7
4 8
3 9
3 8
2 8
1 7
2 8
2 9
1 9
0 8
-1 9
0 10
0 10
-1 11
-1 12
0 12
1 11
0 10
1 10
0 11
1 11
2 12
2 11
1 12
2 11
1 11
0 10
-1 11
0 12
-1 12
-1 13
-2 13
-3 13
-2 12
-2 13
-2 14
-2 13
-3 13
-2 13
-2 13
-2 12
-3 13
-3 14
-2 14
-1 14
0 15
1 14
2 14
3 15
2 16
2 17
2 17
3 16
2 17
2 18
1 17
0 17
0 18
0 19
1 20
0 20
1 21
0 20
0 19
1 19
1 18
0 18
1 19
2 19
2 19
2 18
2 19
3 20
2 19
3 18
2 18
3 17
4 17
3 18
4 18
3 18
4 19
5 19
4 20
3 19
3 19
4 18
3 19
4 18
5 17
6 17
6 16
7 16
7 17
6 17
5 16
6 15
6 16
7 16
6 17
5 16
4 16
5 16
4 16
4 16
3 15
3 16
4 15
3 14
3 14
3 13
4 14
3 13
3 12
2 11
2 12
3 11
4 10
4 9
5 10
6 10
5 10
5 9
6 9
7 8
6 9
7 10
7 10
6 11
7 11
8 12
7 11
7 10
6 10
7 11
7 11
6 11
5 10
6 10
6 10
7 10
8 11
7 12
8 11
7 12
7 13
6 12
5 11
6 12
6 11
7 12
7 13
6 14
5 15
5 14
4 13
5 14
5 14
6 15
6 15
5 15
6 16
5 17
6 17
5 18
5 19
5 18
6 19
7 18
7 19
8 19
9 20
8 20
8 19
7 20
7 19
6 18
7 19
6 20
6 21
6 22
5 21
6 21
6 20
6 20
5 20
6 19
5 18
6 17
5 16
4 15
4 14
5 14
5 13
6 12
7 13
7 12
6 13
5 14
6 13
6 12
6 12
6 12
7 11
7 12
6 12
5 13
4 12
5 11
5 11
6 12
7 11
7 12
7 11
8 12
7 13
8 12
7 12
8 11
8 12
7 11
8 11
9 10
9 9
8 8
9 8
10 9
9 8
8 7
8 7
9 8
10 8
11 8
10 8
11 7
11 6
10 6
10 5
11 4
12 4
11 5
11 5
11 4
11 3
10 3
9 3
9 2
9 2
9 1
9 2
10 2
10 2
10 3
10 4
10 4
11 4
10 5
11 5
10 5
10 4
10 3
11 3
12 3
12 4
11 4
11 4
10 3
10 3
10 3
10 3
9 4
9 5
10 4
11 3
11 4
12 5
12 6
11 7
11 7
12 6
13 6
13 6
12 6
12 5
13 6
12 7
13 6
14 5
14 6
15 6
15 7
15 6
16 5
15 6
16 7
17 7
17 8
16 7
17 7
16 7
15 8
15 9
14 10
15 9
16 9
16 10
16 10
15 9
14 9
13 9
14 8
13 8
14 7
15 7
14 7
15 6
15 6
15 7
16 6
15 5
15 5
15 6
15 7
15 7
14 7
15 7
14 8
15 7
15 8
15 7
14 7
14 8
13 8
14 9
14 8
13 8
13 9
13 8
13 7
14 7
13 6
14 5
14 4
13 3
14 3
14 2
13 3
14 3
14 4
13 4
12 5
11 4
11 4
10 5
10 4
10 4
11 3
11 3
11 4
11 4
12 3
11 4
11 4
10 3
9 4
10 3
9 3
8 2
9 2
8 1
8 0
9 1
8 2
7 3
7 3
6 3
5 4
6 5
6 6
6 5
6 5
7 6
7 6
7 6
8 7
9 7
10 7
11 7
10 6
11 5
12 6
12 6
11 5
12 4
12 3
11 2
10 1
11 2
12 2
13 2
13 1
14 1
14 0
15 -1
16 -2
16 -1
16 -1
17 -2
18 -3
19 -4
19 -3
20 -2
21 -2
22 -2
22 -3
22 -4
22 -4
23 -5
23 -6
24 -7
24 -7
24 -7
24 -6
24 -6
23 -5
22 -6
23 -5
23 -4
23 -5
22 -5
23 -6
22 -5
21 -5
21 -6
22 -7
21 -7
21 -7
21 -7
21 -6
21 -5
22 -6
22 -7
21 -7
21 -7
22 -7
21 -8
20 -7
19 -6
18 -5
17 -5
18 -6
19 -7
18 -6
19 -6
19 -7
18 -8
17 -9
16 -10
16 -11
15 -12
16 -13
17 -14
16 -13
17 -13
16 -12
15 -13
16 -14
16 -14
15 -15
15 -15
14 -14
15 -14
15 -13
14 -13
13 -12
13 -13
12 -14
13 -13
12 -13
11 -12
11 -13
12 -12
13 -11
12 -12
13 -12
13 -11
14 -11
15 -12
16 -13
17 -12
16 -13
15 -12
16 -13
16 -13
17 -12
17 -11
18 -12
18 -13
17 -13
18 -13
17 -12
16 -12
17 -11
17 -12
17 -11
17 -10
18 -10
18 -10
17 -9
16 -9
16 -8
16 -9
16 -8
15 -7
15 -6
14 -7
15 -7
16 -7
17 -8
16 -7
16 -6
17 -5
18 -4
19 -5
18 -6
19 -5
19 -4
18 -4
17 -3
17 -4
16 -3
17 -4
18 -4
17 -5
16 -5
17 -4
16 -3
15 -2
14 -1
13 0
13 -1
12 -1
13 0
14 1
14 0
13 -1
13 -1
13 0
14 1
13 0
13 1
13 1
12 0
12 1
13 2
13 2
13 3
14 3
13 2
12 2
12 2
11 1
10 2
10 2
10 2
11 2
11 1
10 2
10 2
9 3
10 3
10 4
9 5
9 6
8 6
8 7
8 6
8 5
7 4
6 4
5 4
4 3
4 3
3 3
4 2
4 3
5 4
6 4
6 3
6 4
5 5
6 6
5 7
5 8
6 8
7 7
6 7
7 6
7 5
7 5
8 4
8 5
9 4
9 4
10 4
11 5
10 4
11 3
12 4
12 5
12 6
11 5
10 5
11 6
12 7
12 7
13 7
12 6
12 7
13 8
13 9
12 10
12 10
13 11
14 10
13 11
14 10
15 10
14 9
14 9
15 8
14 9
13 9
13 8
14 8
14 7
13 6
13 6
13 5
14 4
15 5
14 5
14 6
13 5
14 4
15 3
15 2
14 1
14 1
13 1
14 1
14 1
15 1
16 2
17 3
17 3
16 2
17 2
18 1
17 0
18 0
17 0
17 1
17 1
16 2
17 3
17 4
17 3
18 2
18 1
18 1
19 0
20 -1
21 0
21 -1
22 0
21 1
22 0
21 1
21 2
21 1
21 1
20 2
21 2
21 2
22 3
23 3
23 2
24 3
24 2
23 1
22 2
22 1
23 0
24 -1
24 0
25 1
24 1
25 2
25 2
26 1
27 2
26 2
27 1
27 2
27 2
27 2
28 1
27 0
28 0
29 0
30 -1
31 0
32 0
33 0
32 1
33 1
32 2
31 2
30 1
30 2
31 3
32 3
32 3
32 3
33 3
34 4
34 5
33 5
33 4
32 4
31 5
32 6
32 5
33 4
32 4
31 5
30 6
30 5
31 6
32 7
33 8
32 8
31 8
30 8
31 7
31 8
30 8
31 7
32 6
33 6
34 6
34 5
34 6
34 5
34 6
34 5
33 6
32 6
31 6
30 6
30 5
31 6
30 5
29 6
30 5
31 6
30 7
29 8
29 7
28 6
27 5
26 4
27 4
28 5
28 4
27 5
28 5
29 4
29 3
28 2
29 2
29 3
29 2
29 2
29 2
30 2
30 3
31 4
31 3
30 3
29 2
30 1
31 2
32 1
33 0
33 1
33 0
34 1
34 0
33 0
34 1
33 1
33 2
34 3
34 3
33 3
32 4
32 5
33 4
33 5
34 4
34 3
33 2
32 1
32 1
33 1
34 0
33 0
32 -1
31 -2
30 -2
30 -3
30 -2
29 -3
28 -2
28 -1
27 -1
26 0
27 -1
28 0
27 0
28 -1
28 -2
29 -2
29 -3
30 -3
29 -4
29 -3
29 -4
30 -4
30 -4
29 -5
29 -6
28 -5
28 -6
27 -5
26 -5
25 -4
26 -5
26 -4
27 -3
26 -3
27 -4
28 -5
29 -6
28 -6
27 -6
26 -7
26 -8
26 -8
26 -8
27 -7
26 -6
26 -7
27 -7
28 -6
29 -6
30 -5
31 -4
31 -5
31 -4
30 -4
30 -4
30 -5
30 -5
31 -5
32 -6
31 -5
32 -4
33 -4
32 -3
33 -4
32 -3
31 -4
30 -3
31 -4
32 -4
32 -3
31 -2
31 -3
30 -4
31 -4
31 -4
31 -5
32 -5
33 -4
32 -3
32 -3
31 -4
30 -3
29 -4
28 -3
28 -2
27 -3
27 -2
27 -3
26 -3
26 -3
27 -3
27 -2
27 -3
27 -2
26 -1
27 -2
27 -2
28 -2
27 -1
27 0
28 -1
29 -2
29 -3
28 -3
27 -3
26 -3
27 -2
27 -3
28 -2
27 -3
27 -3
26 -3
27 -3
26 -2
26 -3
27 -3
28 -4
29 -5
30 -4
30 -4
30 -5
31 -4
31 -3
31 -2
32 -1
33 -1
34 -1
35 -2
36 -2
35 -3
36 -2
36 -1
37 -1
37 0
38 1
37 1
37 0
38 1
37 0
36 1
35 1
35 0
35 1
34 0
34 1
35 1
36 2
37 2
38 3
38 2
39 2
39 1
38 2
39 2
40 3
41 2
40 3
40 4
41 4
40 3
41 4
42 4
41 5
41 5
40 4
40 3
39 4
38 3
38 3
37 4
36 3
36 3
36 4
35 3
36 2
36 3
35 2
34 3
33 3
32 2
33 2
34 2
35 2
35 2
34 3
33 4
34 5
33 4
32 5
31 6
30 6
30 7
30 6
31 5
31 6
32 5
32 4
32 5
32 4
33 4
33 4
33 4
32 3
33 2
34 1
34 0
33 -1
34 0
35 1
36 2
36 1
35 0
35 0
36 -1
36 -2
36 -3
36 -3
37 -3
38 -2
37 -3
37 -3
37 -3
37 -3
37 -3
37 -4
38 -3
37 -3
37 -3
38 -3
39 -3
38 -3
38 -4
37 -4
36 -4
36 -3
37 -3
37 -2
37 -2
37 -1
36 -2
37 -3
38 -2
38 -1
38 -1
37 0
36 0
36 1
37 2
36 2
37 2
38 2
39 3
38 2
37 3
36 3
37 3
37 2
37 1
37 0
36 -1
37 -2
36 -1
36 0
36 -1
35 0
36 -1
35 -1
36 -2
37 -1
38 -1
39 0
40 0
39 0
38 0
39 -1
39 -1
38 -1
39 0
38 1
37 0
36 1
37 1
36 1
36 1
37 1
38 0
39 1
39 2
38 3
37 4
37 5
37 4
37 5
37 6
37 7
37 7
37 8
37 9
36 10
35 9
36 9
35 9
34 9
35 8
34 8
34 9
33 10
32 9
31 8
32 7
33 8
33 7
32 6
31 6
30 6
31 7
30 7
29 7
28 8
29 7
29 7
28 6
27 7
27 6
28 6
29 5
29 5
30 6
31 6
31 6
30 7
31 6
31 5
31 6
30 6
29 7
30 6
29 5
29 5
30 6
30 6
30 6
30 5
31 4
32 5
31 6
30 6
31 7
30 6
31 7
32 6
32 5
32 6
33 5
33 6
32 6
31 6
30 6
30 6
31 7
31 7
30 8
29 7
30 7
30 7
31 6
30 7
30 6
31 6
32 7
31 7
30 7
29 7
28 6
29 7
29 6
30 7
30 7
30 6
30 7
30 8
31 9
32 10
33 11
32 11
31 11
32 10
31 10
30 11
29 12
29 11
28 10
29 11
29 11
29 11
29 12
28 11
27 11
28 12
29 11
28 12
28 13
28 12
28 12
29 12
30 12
31 13
32 12
31 11
32 10
31 10
30 9
29 10
30 10
30 10
30 9
30 9
30 10
30 10
31 9
30 9
29 8
28 7
29 7
30 6
30 7
29 6
29 6
29 7
30 7
31 8
31 7
32 8
32 7
32 6
33 6
33 6
33 7
32 8
33 7
33 7
32 6
32 7
31 8
30 8
31 9
32 8
32 7
33 6
33 6
33 5
34 4
35 5
35 6
34 5
33 5
32 6
32 5
33 5
32 6
31 6
32 7
33 6
33 5
33 5
32 4
32 5
33 4
34 4
35 5
35 6
36 5
35 4
36 4
36 3
35 2
36 3
36 3
37 2
37 3
37 4
38 3
37 3
38 3
39 2
38 1
39 1
39 0
39 -1
39 0
39 -1
39 0
38 1
37 1
38 0
38 1
39 0
38 0
38 1
39 2
39 1
39 0
39 1
38 1
38 2
37 3
37 3
38 3
39 4
39 5
40 4
39 4
39 3
39 3
40 3
40 2
40 1
41 1
41 1
41 2
41 3
40 3
39 3
38 4
38 3
38 3
37 4
37 4
36 5
35 5
36 4
35 4
35 4
36 4
36 3
36 2
36 2
36 3
36 3
36 4
36 5
36 6
36 5
36 4
37 5
38 6
38 7
38 7
37 7
36 8
37 9
37 9
38 9
39 8
38 9
37 10
38 11
37 12
37 11
38 11
37 12
37 11
37 10
36 11
36 11
36 10
37 11
36 12
36 12
37 12
38 13
38 13
39 14
39 14
39 15
39 15
40 16
39 15
40 15
41 16
41 16
42 15
42 14
42 15
43 14
43 14
44 15
45 15
46 14
45 13
45 13
45 12
46 13
47 13
48 13
47 14
46 13
45 13
45 13
46 13
47 12
47 13
46 14
47 15
48 15
49 15
50 15
50 16
51 15
51 16
52 16
52 15
53 16
53 17
54 17
54 16
54 16
54 17
55 18
54 18
54 17
55 16
56 17
57 17
58 18
57 19
57 20
57 21
58 21
59 21
58 21
57 22
57 21
57 22
56 21
57 20
58 21
58 20
58 21
57 22
58 22
57 23
58 23
59 22
60 21
61 21
61 22
62 21
62 21
61 20
60 20
59 19
60 20
60 19
61 19
62 18
63 18
64 18
63 18
64 18
64 19
65 20
66 19
65 20
65 19
64 19
65 19
64 18
64 19
65 18
64 17
64 18
63 17
63 17
62 17
63 17
64 17
64 16
63 17
63 16
63 17
62 16
63 17
62 18
61 17
60 18
60 19
59 20
60 20
59 20
60 21
60 21
59 22
58 23
59 23
59 23
58 22
58 23
59 24
59 23
60 22
60 22
59 22
59 23
59 22
58 22
59 22
58 23
59 24
60 23
59 22
58 22
59 22
60 21
59 20
60 20
61 19
60 20
59 20
59 20
59 21
59 20
60 19
59 19
59 18
60 17
59 18
60 18
61 18
61 18
61 19
62 20
61 21
60 20
60 19
59 19
60 18
60 18
60 18
60 18
59 17
58 18
57 17
57 16
58 16
58 17
58 16
58 17
59 16
59 17
58 17
59 17
60 17
60 18
59 17
59 18
60 18
60 18
59 18
60 18
59 17
58 18
59 19
59 19
59 18
60 17
59 16
59 16
59 16
60 17
61 18
62 17
63 16
64 17
65 17
64 17
63 18
62 17
63 16
62 16
61 17
60 16
59 15
58 14
59 15
58 15
59 15
60 15
59 14
58 15
59 14
59 13
58 12
58 13
58 13
57 12
58 12
59 12
58 13
59 13
58 12
57 11
58 10
59 11
59 10
59 9
58 8
57 9
57 10
56 9
57 10
56 10
55 11
54 11
54 12
53 13
52 12
52 13
51 13
50 14
50 13
50 13
49 12
49 13
50 12
49 11
49 10
50 11
51 12
52 12
52 11
53 10
52 10
53 11
53 12
52 12
52 11
53 11
52 11
52 12
53 13
52 12
52 11
51 11
51 12
50 12
49 12
50 11
51 11
51 11
51 10
51 9
52 8
53 7
54 7
53 8
53 8
52 9
53 10
52 11
51 12
51 13
50 12
49 13
48 13
49 12
49 13
49 12
48 12
48 11
49 11
50 11
51 10
51 11
50 10
51 10
50 9
51 8
50 9
50 9
49 10
50 10
50 11
49 10
50 11
49 10
48 10
48 10
49 11
49 12
49 11
50 10
51 10
52 11
52 12
51 13
52 14
52 14
51 15
51 14
52 15
52 15
51 15
51 16
51 15
50 15
50 16
49 15
48 16
49 17
49 16
48 16
49 15
50 14
50 15
51 16
52 16
51 16
50 17
49 17
50 17
50 17
49 16
50 16
49 15
50 15
51 16
50 17
49 17
50 17
51 16
50 16
50 16
49 15
48 15
48 15
49 15
48 16
47 16
46 17
47 18
46 18
47 18
48 18
48 18
47 18
46 18
47 17
46 16
47 16
48 16
48 17
48 16
47 16
47 17
46 17
46 16
47 15
47 14
48 14
48 15
49 14
49 13
50 12
50 13
50 13
51 14
51 13
50 14
51 15
51 15
51 14
50 15
49 14
48 14
47 13
47 12
47 12
48 11
48 11
48 11
48 10
49 10
50 10
51 11
50 10
49 11
48 10
48 11
48 12
47 13
47 12
47 12
47 11
47 11
47 12
48 13
47 12
47 11
47 11
47 11
46 10
46 11
46 11
45 10
45 10
44 11
45 12
44 11
45 10
46 10
46 10
47 9
46 10
46 9
45 9
44 8
44 7
45 8
44 8
44 7
43 7
43 7
44 8
43 8
42 8
42 8
42 7
43 6
42 6
41 7
42 6
41 5
42 6
42 5
42 6
41 6
42 6
42 5
43 6
43 6
43 7
42 8
42 7
42 7
41 6
40 7
41 6
40 7
39 7
38 7
39 7
39 7
40 7
41 6
41 7
41 7
41 7
42 8
41 9
41 9
40 10
40 9
40 9
39 9
39 9
39 9
39 9
38 10
38 10
39 10
38 9
38 8
37 8
37 9
37 9
36 9
37 10
36 11
36 10
37 9
36 10
37 10
37 10
38 9
39 8
40 9
39 9
39 9
38 8
38 8
38 8
39 8
40 9
40 8
39 8
40 9
39 9
40 8
40 9
41 8
40 8
41 9
40 9
41 8
42 8
42 9
42 8
43 8
42 8
41 7
42 8
43 8
43 9
42 10
41 11
42 10
41 11
42 10
42 10
42 10
41 10
40 10
41 9
40 8
39 7
38 6
37 5
36 6
37 7
37 7
36 7
36 7
36 7
35 6
34 7
34 8
35 8
35 9
36 9
36 9
36 9
37 10
38 9
39 8
40 9
39 8
39 9
40 8
40 9
39 8
38 7
38 7
37 6
38 7
37 7
36 8
36 8
37 8
36 8
36 9
35 9
34 9
33 8
33 8
33 7
32 6
33 6
34 5
35 6
36 5
37 5
38 4
39 4
38 4
38 5
38 5
38 6
39 5
39 5
40 4
39 4
40 4
40 3
39 2
39 1
38 0
38 1
39 2
38 2
38 3
38 2
39 3
40 4
39 5
39 4
40 5
41 6
41 7
40 8
40 8
41 9
42 9
42 9
42 9
41 8
41 9
42 10
41 10
42 11
41 12
40 12
40 13
41 14
40 15
40 16
40 17
41 16
42 16
41 17
42 16
43 16
44 15
43 15
43 15
42 15
43 14
43 15
44 16
45 15
45 16
45 16
45 15
46 14
45 13
45 13
45 12
45 12
44 11
43 12
42 12
43 11
44 10
44 9
45 10
45 9
45 10
44 11
43 11
44 12
44 11
44 12
43 11
43 12
42 13
41 14
40 13
41 13
40 13
41 12
42 11
41 12
41 12
41 13
40 12
39 13
38 12
39 11
39 12
40 12
41 12
41 12
41 13
42 12
43 12
42 11
43 11
43 10
42 10
42 9
41 10
41 9
41 10
42 10
43 9
43 10
44 9
44 10
43 9
44 10
43 9
44 8
45 8
45 8
45 9
44 8
43 9
44 8
43 7
42 8
43 7
43 6
42 6
41 7
40 8
41 8
41 9
41 10
42 9
43 8
43 9
43 10
43 10
44 11
45 10
44 10
45 10
45 11
45 10
45 9
46 10
46 10
46 11
45 11
45 10
44 11
44 11
45 12
44 13
43 14
43 13
44 14
43 14
43 13
43 13
43 12
44 13
43 12
44 11
45 10
44 11
44 12
45 12
45 11
45 12
44 13
44 12
45 11
45 11
45 11
44 12
43 11
42 10
43 9
42 10
41 10
40 10
41 9
40 8
41 9
40 8
41 9
41 10
40 10
40 10
40 9
40 10
41 11
42 10
41 11
42 12
43 13
44 14
44 13
45 13
45 12
44 12
43 11
43 10
44 10
43 11
43 11
44 11
43 10
43 11
42 12
41 13
41 13
40 14
40 13
41 14
41 13
40 12
41 11
42 11
42 10
41 9
41 9
42 8
41 9
41 9
41 8
42 9
42 8
42 8
41 9
42 10
43 10
42 11
41 11
40 10
40 11
40 10
40 11
41 11
41 10
41 9
41 8
41 8
42 9
42 9
42 9
42 10
41 11
41 12
41 12
41 13
41 12
40 13
39 12
40 12
41 13
42 13
43 13
42 12
42 12
43 12
42 12
43 13
42 13
43 12
43 11
44 10
43 9
42 10
42 11
41 12
41 13
42 14
41 14
42 15
43 15
42 14
42 14
43 14
44 13
43 12
42 11
43 12
44 12
44 13
45 14
45 14
46 15
45 15
45 15
45 14
46 15
46 15
46 16
46 15
47 15
46 16
45 17
45 16
45 16
45 16
46 15
45 15
44 16
44 17
44 16
43 15
42 15
43 15
43 14
42 14
41 13
42 12
42 13
42 14
41 15
42 14
43 13
42 14
41 13
40 12
40 11
39 11
38 12
39 13
38 13
37 12
36 12
37 11
38 10
37 10
36 11
36 10
37 9
36 8
36 9
35 8
36 9
36 8
36 7
36 6
37 6
36 6
37 7
36 7
36 6
37 6
36 5
37 4
37 5
37 4
36 4
37 4
37 4
38 5
38 6
37 5
36 6
36 6
37 5
38 4
39 5
38 4
39 3
39 3
40 3
39 2
39 1
40 0
39 0
40 -1
39 -2
38 -2
37 -1
36 -2
37 -1
38 0
37 1
36 2
36 3
35 4
36 3
36 4
37 4
37 3
37 2
37 2
36 3
36 3
36 2
36 1
36 2
35 3
34 4
35 4
35 4
35 4
35 4
36 5
35 6
36 6
36 6
35 7
35 6
34 5
35 6
36 7
37 7
38 7
39 7
39 6
40 5
41 5
42 5
43 5
42 4
42 3
42 2
41 1
42 2
42 3
41 4
41 5
41 5
42 6
41 7
40 8
40 9
40 9
39 9
39 10
38 11
38 10
39 11
38 10
38 10
37 9
37 10
37 9
37 10
38 9
39 10
39 9
39 9
39 8
38 7
39 8
38 7
39 7
38 7
38 7
38 7
38 7
39 8
40 8
41 7
41 8
41 8
42 7
42 6
42 5
43 4
44 4
43 4
42 5
43 5
42 5
41 6
42 6
43 7
42 6
42 5
43 6
44 5
45 5
45 6
45 7
44 8
43 9
43 10
43 10
43 9
42 10
41 10
41 11
40 10
39 10
39 9
39 9
38 8
37 7
38 8
38 7
37 8
37 7
38 6
37 5
38 6
38 7
38 7
38 8
38 7
38 7
38 6
37 5
37 6
37 6
37 5
37 4
36 5
36 6
37 5
37 4
37 4
36 5
36 6
35 5
34 4
33 5
34 4
33 3
33 3
32 2
31 3
31 2
31 2
30 1
31 2
32 3
32 2
33 3
33 2
32 1
31 1
31 2
32 3
31 2
31 1
32 0
33 0
32 1
31 1
30 0
31 0
30 -1
31 -1
30 -1
29 -1
29 -1
30 -2
29 -2
30 -1
31 -2
32 -3
32 -3
32 -4
31 -3
32 -4
33 -3
34 -4
34 -4
33 -3
34 -4
34 -5
35 -5
36 -4
37 -4
37 -3
36 -2
35 -2
35 -2
36 -2
36 -1
37 -1
36 -2
37 -3
36 -3
36 -2
35 -1
36 -1
35 -1
35 0
35 1
34 1
34 0
34 -1
33 -1
32 -1
33 -1
33 0
32 1
32 2
31 2
30 1
31 1
31 0
31 0
31 0
30 1
31 1
31 1
32 2
33 3
32 4
31 4
31 3
32 2
32 1
33 0
34 0
35 -1
36 -1
35 -2
34 -3
33 -2
32 -1
33 -1
32 0
31 -1
32 -1
31 0
31 -1
30 -2
29 -3
28 -3
28 -2
28 -3
29 -2
29 -2
30 -1
31 -2
30 -1
29 -1
29 -2
29 -3
30 -4
29 -3
28 -3
27 -4
26 -5
27 -5
27 -5
26 -5
27 -5
28 -4
29 -5
28 -4
27 -5
26 -6
26 -6
25 -6
24 -7
24 -7
25 -7
24 -8
23 -8
23 -9
23 -8
24 -9
25 -9
24 -9
24 -9
25 -8
26 -7
26 -8
25 -7
26 -6
25 -5
25 -6
24 -6
25 -5
25 -5
25 -5
24 -6
25 -7
24 -6
25 -5
26 -6
27 -6
27 -6
27 -6
27 -6
27 -6
28 -6
29 -5
30 -5
30 -6
31 -7
32 -8
32 -8
33 -9
33 -8
34 -9
35 -10
36 -10
36 -9
35 -8
35 -8
36 -7
35 -6
34 -5
34 -4
33 -3
32 -4
31 -5
31 -4
30 -4
29 -5
28 -5
27 -5
27 -6
27 -6
27 -5
26 -4
27 -5
26 -6
25 -6
26 -5
26 -5
27 -6
27 -7
28 -8
29 -8
30 -7
30 -6
31 -5
32 -5
31 -4
30 -4
30 -4
31 -5
30 -6
29 -6
29 -7
28 -8
27 -7
27 -7
26 -7
26 -6
25 -6
25 -7
26 -8
25 -8
26 -8
26 -7
25 -8
26 -9
27 -10
26 -9
26 -9
26 -9
26 -10
27 -9
27 -10
27 -11
26 -11
25 -12
24 -11
23 -10
22 -9
23 -10
23 -10
22 -9
22 -8
22 -7
23 -8
24 -9
24 -8
24 -9
24 -9
23 -9
24 -9
24 -9
25 -10
26 -9
26 -9
25 -10
24 -11
23 -12
24 -12
23 -12
23 -13
22 -13
21 -13
20 -13
19 -13
19 -13
18 -12
18 -11
17 -10
16 -11
15 -11
15 -10
16 -9
16 -9
16 -10
16 -11
16 -11
15 -11
15 -10
14 -9
13 -8
13 -9
12 -10
12 -11
11 -12
10 -11
11 -11
10 -11
9 -10
10 -10
10 -10
9 -10
10 -11
11 -11
11 -11
12 -11
13 -11
14 -10
14 -9
14 -8
15 -8
16 -7
15 -7
14 -7
13 -7
14 -7
15 -7
16 -7
16 -8
15 -9
16 -9
16 -8
16 -8
15 -7
14 -6
13 -6
13 -5
14 -6
15 -6
14 -6
13 -5
13 -5
14 -5
13 -4
12 -5
13 -4
12 -4
12 -4
12 -3
13 -3
14 -4
14 -3
13 -4
14 -4
13 -5
13 -5
13 -6
12 -5
12 -5
13 -6
12 -6
11 -7
11 -6
12 -7
11 -8
12 -7
11 -7
12 -6
12 -6
11 -7
10 -6
11 -7
10 -8
11 -9
10 -9
9 -9
10 -8
9 -7
9 -8
9 -9
9 -10
9 -11
8 -11
9 -10
10 -9
10 -10
11 -11
12 -11
13 -12
12 -12
13 -12
13 -12
13 -11
14 -10
13 -9
14 -8
14 -9
15 -10
14 -10
13 -11
13 -10
13 -10
13 -10
12 -11
11 -12
10 -12
11 -13
12 -13
12 -14
12 -13
13 -14
13 -13
14 -14
15 -14
16 -13
15 -12
16 -11
15 -11
15 -12
16 -12
17 -13
17 -13
18 -13
18 -12
18 -11
17 -11
18 -10
19 -11
19 -11
20 -12
21 -13
22 -14
21 -14
20 -14
20 -15
21 -16
21 -17
20 -17
21 -16
20 -16
20 -17
21 -18
20 -17
21 -17
20 -17
19 -18
20 -19
19 -19
19 -18
19 -19
18 -20
18 -19
19 -18
18 -18
17 -18
16 -17
15 -18
16 -19
16 -20
16 -19
17 -20
18 -20
18 -21
19 -20
19 -21
19 -21
20 -20
21 -20
22 -19
22 -18
23 -19
22 -18
22 -19
21 -20
20 -19
21 -20
21 -19
22 -20
21 -20
20 -19
21 -19
22 -20
22 -21
22 -20
22 -20
21 -20
22 -19
23 -20
24 -19
25 -19
26 -20
27 -19
26 -20
26 -20
26 -20
25 -21
25 -21
26 -20
26 -21
26 -20
25 -20
25 -20
24 -20
23 -21
24 -22
23 -23
24 -24
23 -24
23 -25
22 -24
22 -25
22 -25
22 -24
23 -23
24 -23
25 -22
25 -21
25 -22
24 -21
23 -21
22 -20
21 -20
20 -19
19 -20
18 -21
18 -20
17 -20
18 -20
19 -21
20 -21
20 -22
20 -23
20 -23
21 -24
20 -24
19 -25
19 -25
18 -24
18 -23
17 -24
18 -24
17 -24
18 -23
19 -22
18 -23
19 -22
18 -21
18 -22
19 -23
20 -24
19 -25
20 -24
21 -24
22 -24
23 -24
24 -23
25 -23
26 -23
27 -22
28 -23
28 -24
29 -24
28 -25
28 -25
28 -25
28 -25
29 -24
29 -25
28 -25
27 -24
27 -24
28 -24
28 -25
28 -26
29 -26
29 -26
28 -26
27 -26
26 -25
27 -24
28 -24
28 -24
29 -25
29 -26
29 -27
29 -26
28 -25
27 -24
27 -23
27 -22
26 -23
27 -23
26 -24
26 -23
25 -23
25 -22
26 -22
27 -21
26 -22
25 -21
25 -22
25 -22
25 -21
26 -20
26 -20
27 -21
27 -20
27 -21
26 -20
25 -20
24 -20
23 -20
22 -20
22 -19
22 -20
21 -21
22 -22
22 -23
23 -22
23 -22
24 -22
25 -22
24 -22
25 -22
26 -22
26 -22
25 -22
26 -22
26 -23
26 -24
25 -23
24 -24
25 -24
24 -25
25 -25
24 -25
25 -24
26 -25
26 -24
27 -24
26 -23
26 -24
27 -25
28 -25
29 -24
29 -25
28 -26
29 -27
29 -26
29 -25
28 -26
27 -26
28 -25
28 -24
29 -24
30 -23
31 -23
32 -24
31 -23
32 -22
33 -22
33 -22
33 -21
34 -21
35 -20
35 -21
35 -21
35 -21
36 -20
35 -19
36 -19
37 -18
37 -17
37 -17
37 -18
36 -19
37 -20
36 -21
35 -22
35 -22
34 -21
34 -20
33 -21
32 -21
33 -20
33 -20
34 -20
35 -20
34 -20
34 -20
33 -20
32 -21
33 -22
34 -23
33 -22
33 -21
33 -22
34 -23
35 -23
34 -23
34 -23
33 -24
34 -23
34 -24
33 -24
34 -25
35 -24
35 -24
36 -25
37 -25
37 -24
38 -24
39 -23
38 -23
37 -23
37 -24
36 -23
36 -22
36 -22
37 -21
37 -20
36 -19
36 -18
37 -18
38 -19
38 -19
39 -18
39 -17
38 -16
39 -17
40 -17
40 -17
39 -16
40 -15
41 -15
41 -14
41 -13
41 -13
42 -13
41 -13
42 -12
43 -12
43 -13
42 -14
42 -14
41 -13
42 -12
43 -12
42 -11
42 -12
42 -11
43 -10
43 -10
44 -10
45 -9
46 -9
47 -8
48 -9
48 -9
49 -9
50 -9
50 -9
49 -8
50 -9
49 -8
48 -8
47 -7
48 -7
49 -8
50 -7
49 -8
48 -7
48 -8
47 -8
48 -8
49 -7
50 -6
50 -6
49 -6
49 -7
49 -8
48 -7
47 -7
48 -7
49 -6
50 -7
50 -7
51 -7
52 -6
51 -6
52 -5
52 -4
53 -3
53 -4
53 -4
54 -4
55 -4
56 -4
57 -4
57 -5
58 -5
58 -6
59 -5
59 -5
58 -5
59 -5
58 -6
58 -6
58 -5
57 -4
57 -5
56 -6
55 -7
55 -8
55 -9
56 -8
57 -9
58 -10
58 -9
59 -10
58 -9
57 -9
56 -10
55 -10
54 -9
53 -9
53 -8
54 -7
54 -8
53 -8
54 -9
55 -9
56 -8
57 -7
58 -7
58 -6
59 -5
58 -5
59 -4
58 -3
59 -4
60 -5
59 -4
58 -4
57 -3
58 -2
59 -1
60 -1
60 -1
61 -2
62 -2
63 -2
64 -3
65 -3
65 -3
65 -3
65 -3
66 -3
67 -2
68 -1
68 -1
68 -1
67 0
66 -1
67 -2
68 -1
68 0
67 -1
67 -1
66 -2
66 -1
65 -2
65 -1
64 -1
64 -2
65 -2
65 -1
66 -1
67 -1
68 0
68 1
68 0
69 1
69 0
69 0
68 1
69 2
70 1
70 0
71 -1
72 0
72 1
71 1
70 2
70 3
69 3
68 4
68 5
68 5
68 5
68 5
67 4
67 4
67 5
68 4
68 5
67 6
66 5
67 5
68 5
67 6
66 5
67 6
67 5
66 6
66 6
67 6
68 6
68 6
67 5
68 4
67 4
67 4
67 5
68 5
67 6
68 5
69 6
70 5
70 4
71 5
72 5
71 4
72 4
73 3
72 2
72 2
72 1
71 2
71 1
70 0
69 0
70 0
69 0
68 0
67 0
66 1
66 2
65 1
65 0
64 -1
63 -2
63 -2
63 -3
62 -3
61 -4
61 -5
60 -5
59 -4
60 -3
61 -2
62 -3
63 -4
64 -5
65 -6
66 -6
65 -7
65 -8
66 -7
67 -6
68 -5
68 -4
67 -5
66 -5
67 -6
67 -5
67 -4
66 -3
67 -4
68 -3
67 -3
67 -4
68 -5
68 -6
69 -5
69 -4
68 -5
68 -5
69 -6
70 -6
71 -7
71 -8
72 -7
71 -7
72 -8
72 -8
71 -9
70 -8
69 -9
68 -9
67 -9
67 -9
66 -10
65 -11
65 -12
65 -13
66 -12
65 -12
65 -12
65 -11
65 -12
65 -12
66 -13
66 -14
67 -14
67 -15
66 -15
66 -15
67 -14
68 -15
69 -15
69 -16
68 -15
69 -15
68 -15
67 -16
66 -15
66 -15
65 -16
64 -15
64 -14
64 -14
63 -15
63 -16
63 -17
62 -17
61 -17
61 -18
61 -18
62 -17
62 -18
62 -19
62 -19
61 -20
60 -20
59 -19
59 -18
58 -19
57 -19
57 -20
58 -21
59 -20
58 -20
58 -20
59 -20
60 -20
59 -19
58 -20
59 -21
58 -22
58 -22
59 -21
58 -21
58 -21
58 -21
59 -20
58 -21
57 -22
56 -23
55 -24
54 -23
54 -22
53 -22
54 -22
55 -21
56 -21
55 -21
56 -22
55 -21
55 -21
54 -21
54 -22
55 -21
54 -21
54 -21
54 -21
55 -21
56 -22
57 -23
58 -23
58 -23
57 -24
58 -23
59 -24
59 -25
59 -24
60 -25
59 -25
59 -25
59 -26
58 -27
57 -28
56 -27
55 -28
56 -27
55 -27
56 -27
55 -27
56 -26
57 -27
56 -27
56 -28
57 -27
57 -28
56 -29
55 -28
54 -29
54 -30
55 -30
56 -30
56 -31
55 -31
56 -32
55 -33
56 -33
55 -34
55 -35
55 -35
56 -36
57 -35
58 -36
58 -37
57 -38
57 -38
56 -37
57 -38
57 -37
56 -36
56 -37
57 -37
56 -37
56 -38
56 -39
55 -39
54 -38
53 -39
52 -38
51 -38
50 -39
50 -40
50 -40
51 -41
50 -42
50 -41
50 -42
51 -41
50 -42
51 -42
52 -43
51 -43
51 -44
52 -44
51 -45
52 -44
52 -45
53 -46
54 -47
54 -46
54 -45
53 -46
54 -46
53 -47
54 -48
54 -47
53 -47
52 -48
52 -47
53 -47
54 -48
54 -48
55 -49
55 -48
56 -48
56 -47
56 -47
55 -47
56 -47
57 -48
58 -47
58 -47
59 -48
59 -49
58 -49
57 -49
56 -50
55 -49
55 -48
55 -49
54 -48
53 -48
54 -47
53 -47
52 -46
53 -45
52 -45
51 -46
50 -45
49 -45
50 -44
51 -44
52 -45
51 -45
51 -44
50 -45
51 -45
51 -46
50 -47
50 -48
49 -49
50 -48
50 -48
51 -47
52 -48
53 -49
54 -50
54 -50
53 -50
52 -51
53 -52
54 -52
55 -51
55 -51
54 -50
55 -51
55 -52
56 -53
56 -52
55 -51
55 -52
56 -51
56 -50
57 -49
58 -48
58 -49
59 -48
60 -47
60 -48
61 -48
60 -47
60 -47
61 -46
60 -45
60 -45
59 -44
59 -43
58 -44
59 -43
58 -42
58 -42
57 -43
57 -42
56 -41
55 -41
55 -40
55 -39
56 -38
55 -38
54 -37
55 -38
56 -39
55 -38
56 -37
57 -37
56 -36
55 -37
54 -36
54 -35
53 -35
53 -35
52 -35
53 -36
53 -37
52 -37
51 -36
50 -36
51 -37
51 -37
51 -36
52 -37
51 -37
51 -37
52 -37
51 -37
52 -36
52 -37
53 -38
52 -37
51 -38
52 -38
51 -39
51 -40
51 -41
52 -40
53 -41
53 -40
53 -39
54 -39
53 -40
54 -40
54 -40
55 -40
54 -41
54 -41
55 -40
56 -40
55 -41
56 -40
56 -41
57 -40
56 -40
56 -41
55 -40
54 -39
53 -40
53 -41
53 -41
53 -40
52 -40
51 -40
51 -39
52 -40
51 -41
50 -40
50 -41
49 -41
48 -40
48 -41
47 -42
48 -42
49 -41
50 -41
50 -40
49 -40
49 -40
50 -41
49 -41
50 -42
49 -42
50 -41
51 -41
50 -41
49 -42
48 -43
49 -44
48 -45
47 -46
48 -45
47 -44
47 -44
48 -43
48 -42
49 -41
50 -40
50 -41
50 -42
51 -41
52 -42
52 -41
53 -41
52 -41
51 -40
50 -41
49 -40
49 -40
48 -39
49 -40
50 -41
49 -41
50 -40
51 -40
51 -41
50 -42
49 -42
48 -43
47 -42
47 -41
47 -41
46 -40
47 -39
46 -39
45 -38
45 -38
45 -38
46 -38
45 -39
44 -38
44 -37
44 -37
44 -38
43 -38
42 -37
41 -38
40 -37
39 -36
38 -35
37 -36
38 -37
39 -38
38 -37
39 -38
39 -39
39 -39
40 -39
40 -40
41 -40
42 -41
41 -40
42 -39
43 -39
43 -39
43 -39
43 -40
42 -39
42 -38
42 -37
43 -38
42 -37
42 -38
42 -38
41 -37
42 -37
42 -38
42 -38
42 -37
43 -37
43 -37
44 -38
43 -38
44 -37
44 -36
44 -36
44 -35
45 -34
46 -35
46 -34
47 -34
47 -35
46 -35
46 -34
46 -35
45 -36
44 -37
45 -36
45 -37
46 -37
46 -37
46 -38
46 -38
45 -37
45 -37
46 -36
47 -37
47 -37
47 -36
48 -37
48 -37
47 -37
46 -37
46 -36
46 -35
46 -34
47 -34
48 -33
48 -32
48 -31
48 -30
48 -30
48 -29
48 -28
49 -28
49 -27
49 -26
50 -27
49 -26
49 -26
48 -27
48 -26
49 -26
50 -27
49 -27
49 -27
49 -26
50 -25
51 -26
52 -25
52 -24
51 -25
52 -26
51 -25
50 -26
49 -25
50 -24
51 -24
50 -25
50 -25
50 -25
49 -24
50 -24
50 -23
50 -22
49 -23
50 -23
49 -22
49 -22
50 -22
50 -23
49 -24
49 -23
48 -24
47 -25
48 -26
48 -25
48 -24
48 -23
48 -24
48 -24
49 -25
49 -25
49 -26
48 -26
49 -26
50 -25
49 -26
50 -26
49 -27
48 -28
47 -28
46 -27
47 -28
46 -28
46 -28
45 -27
45 -26
44 -27
43 -26
44 -27
45 -27
44 -28
44 -29
44 -29
44 -29
45 -30
44 -31
44 -30
43 -31
42 -30
41 -29
41 -28
42 -27
43 -26
43 -25
44 -24
45 -23
44 -22
43 -23
43 -24
43 -25
44 -25
45 -24
44 -25
45 -26
45 -27
45 -28
46 -27
46 -27
45 -28
44 -28
45 -29
44 -28
45 -29
46 -28
47 -28
48 -29
47 -29
46 -30
46 -29
45 -28
46 -28
45 -29
45 -29
45 -29
45 -28
45 -27
46 -27
47 -26
47 -26
46 -25
46 -25
46 -24
46 -24
46 -25
46 -24
46 -23
47 -23
48 -22
49 -21
49 -21
50 -22
50 -22
49 -21
50 -20
49 -20
49 -20
49 -20
50 -20
51 -19
51 -20
50 -20
51 -20
51 -19
51 -18
51 -18
52 -19
52 -19
52 -19
52 -20
53 -20
53 -20
53 -21
53 -20
52 -20
52 -19
51 -18
52 -19
53 -18
53 -18
54 -18
53 -17
52 -18
53 -18
54 -17
54 -16
54 -17
55 -18
55 -18
56 -17
57 -16
56 -17
56 -18
55 -17
56 -18
57 -18
58 -18
58 -17
58 -16
59 -15
60 -14
60 -13
59 -13
59 -12
58 -13
58 -13
57 -12
57 -13
57 -14
56 -15
56 -14
57 -14
57 -13
58 -13
59 -13
59 -14
59 -14
58 -13
57 -14
58 -14
57 -15
57 -16
57 -16
57 -17
58 -16
57 -15
57 -16
58 -15
59 -16
58 -17
58 -17
57 -16
57 -15
56 -15
56 -16
55 -17
54 -18
55 -19
55 -19
56 -20
55 -21
55 -22
56 -23
57 -24
56 -25
56 -24
56 -24
56 -24
56 -24
57 -24
58 -23
59 -24
60 -25
59 -24
58 -23
59 -22
59 -22
60 -22
59 -22
59 -23
60 -24
61 -25
62 -26
63 -25
62 -25
61 -24
60 -23
59 -23
59 -24
58 -24
59 -24
59 -23
58 -24
57 -25
56 -24
56 -24
56 -24
55 -25
56 -25
57 -26
57 -26
56 -25
57 -25
58 -25
58 -24
58 -24
58 -23
59 -22
58 -21
58 -22
58 -21
58 -21
59 -20
58 -19
59 -18
60 -18
59 -18
59 -19
60 -20
60 -20
61 -19
60 -20
61 -21
61 -22
60 -23
60 -23
61 -23
62 -22
62 -21
62 -21
61 -21
60 -22
61 -22
61 -23
61 -24
61 -25
62 -25
61 -24
61 -24
61 -24
61 -23
61 -22
62 -22
63 -22
64 -22
64 -23
65 -23
65 -22
66 -22
65 -22
66 -22
67 -23
66 -24
67 -25
66 -24
66 -23
65 -23
64 -23
65 -24
66 -24
66 -23
67 -22
68 -22
67 -22
68 -21
68 -20
68 -19
68 -20
69 -21
68 -20
68 -21
69 -21
70 -21
69 -21
68 -21
69 -21
69 -20
68 -19
69 -20
68 -21
69 -20
68 -21
68 -21
67 -20
67 -19
66 -18
65 -18
64 -17
65 -17
66 -18
67 -18
68 -19
67 -19
68 -20
68 -21
68 -21
68 -22
69 -21
70 -20
71 -21
72 -22
72 -22
71 -23
70 -22
70 -21
69 -21
70 -20
71 -19
71 -20
72 -21
73 -22
74 -23
75 -23
75 -23
74 -24
74 -25
74 -25
74 -24
75 -25
75 -26
76 -27
75 -27
75 -26
76 -26
75 -25
74 -25
73 -26
73 -26
73 -25
74 -26
74 -26
73 -25
72 -26
73 -25
74 -24
75 -24
74 -25
74 -25
74 -24
75 -25
74 -24
75 -23
75 -24
75 -23
74 -23
74 -23
74 -24
73 -24
72 -23
71 -24
70 -23
71 -24
70 -24
70 -24
71 -23
72 -24
73 -25
73 -24
72 -25
73 -26
74 -27
74 -26
73 -26
72 -26
72 -27
73 -28
73 -27
74 -26
74 -26
73 -25
73 -25
74 -25
73 -25
73 -26
72 -27
72 -28
73 -29
74 -30
75 -29
75 -28
76 -28
76 -27
75 -26
74 -25
73 -26
72 -26
72 -26
73 -26
73 -26
74 -26
74 -27
74 -28
74 -28
73 -29
74 -29
73 -29
73 -29
74 -28
74 -27
75 -28
74 -29
73 -28
72 -28
71 -29
72 -30
71 -29
72 -30
72 -31
71 -31
72 -31
73 -30
74 -29
73 -29
74 -29
75 -29
76 -29
77 -28
78 -28
78 -27
77 -28
78 -28
79 -27
78 -26
78 -25
78 -24
78 -24
78 -24
79 -25
78 -24
77 -24
77 -23
76 -23
76 -23
77 -24
77 -25
78 -24
78 -25
79 -25
79 -26
78 -25
78 -25
77 -24
78 -23
77 -24
78 -25
78 -25
79 -26
79 -26
79 -26
79 -27
79 -28
79 -29
80 -29
81 -29
82 -30
83 -29
82 -30
81 -30
80 -29
80 -30
81 -31
82 -32
82 -31
81 -30
82 -30
82 -29
82 -28
81 -27
82 -27
83 -28
83 -29
83 -29
83 -29
84 -30
85 -29
85 -29
84 -30
83 -31
84 -31
85 -31
86 -30
86 -29
86 -28
87 -28
87 -28
86 -27
85 -28
86 -27
87 -26
87 -26
88 -27
89 -26
89 -27
88 -27
87 -26
86 -26
85 -25
84 -24
85 -24
85 -23
86 -24
86 -24
86 -25
85 -25
84 -25
84 -24
85 -24
85 -25
84 -24
85 -25
86 -25
87 -25
88 -26
88 -27
88 -27
88 -27
88 -28
87 -29
88 -30
87 -30
87 -31
86 -30
85 -31
84 -31
85 -32
84 -33
84 -33
84 -34
85 -34
85 -35
86 -36
86 -35
85 -36
84 -35
84 -35
85 -34
84 -34
84 -33
85 -33
86 -32
87 -33
86 -34
86 -34
86 -33
85 -34
84 -34
84 -33
83 -34
84 -34
83 -35
83 -36
82 -36
82 -36
82 -36
82 -37
83 -38
83 -39
83 -39
84 -40
84 -40
83 -41
83 -42
83 -42
82 -43
81 -42
82 -41
82 -41
83 -42
82 -41
83 -41
82 -41
81 -40
81 -40
82 -41
82 -41
81 -42
80 -42
81 -42
81 -41
80 -42
81 -42
82 -43
81 -44
82 -43
81 -42
80 -41
80 -42
79 -42
79 -43
80 -42
81 -41
81 -40
82 -39
81 -38
80 -37
81 -36
82 -36
83 -36
83 -35
83 -34
82 -35
81 -34
81 -34
82 -34
82 -33
83 -32
82 -31
82 -32
83 -31
82 -31
81 -31
82 -30
81 -29
80 -30
80 -29
81 -29
82 -30
82 -31
81 -30
81 -30
80 -30
79 -30
79 -31
78 -31
78 -32
79 -31
79 -32
80 -33
79 -33
78 -34
79 -35
79 -34
80 -33
81 -34
82 -33
81 -32
81 -31
82 -30
83 -29
83 -28
83 -29
83 -29
82 -30
81 -30
82 -31
82 -31
83 -32
83 -32
84 -32
85 -33
84 -33
85 -33
85 -32
85 -32
85 -33
84 -33
83 -32
82 -32
82 -33
83 -32
83 -33
84 -34
84 -33
85 -32
86 -33
86 -33
87 -34
88 -34
89 -35
88 -35
87 -34
86 -34
85 -35
86 -35
85 -36
86 -36
87 -36
86 -35
87 -36
86 -37
86 -38
87 -38
88 -38
89 -38
89 -38
89 -38
90 -39
89 -40
89 -41
89 -40
90 -40
90 -39
91 -38
92 -37
93 -37
93 -37
93 -36
94 -37
93 -38
93 -38
94 -38
94 -37
95 -37
96 -37
95 -36
94 -36
94 -35
95 -34
95 -34
96 -35
97 -35
96 -35
97 -36
98 -37
97 -36
97 -35
98 -34
97 -34
97 -33
96 -33
96 -32
97 -32
96 -31
97 -31
97 -31
97 -30
96 -30
97 -30
98 -29
98 -28
99 -28
100 -27
101 -28
100 -28
101 -29
102 -28
101 -27
100 -28
101 -28
101 -27
102 -26
103 -26
104 -26
103 -27
104 -26
105 -26
105 -25
105 -25
105 -26
106 -26
107 -26
107 -26
106 -27
106 -28
107 -28
106 -28
106 -27
107 -26
107 -27
108 -28
107 -27
107 -27
106 -28
105 -27
105 -26
105 -27
104 -26
104 -25
105 -26
106 -27
105 -26
104 -25
105 -25
106 -25
107 -26
106 -25
106 -25
106 -26
107 -26
108 -27
108 -26
107 -26
107 -25
106 -25
106 -24
106 -24
105 -25
104 -26
104 -27
103 -28
104 -28
104 -29
104 -29
104 -30
104 -30
104 -31
105 -30
106 -30
106 -29
106 -29
107 -29
107 -28
107 -29
107 -30
108 -31
107 -32
107 -31
108 -32
108 -31
109 -32
109 -31
108 -32
109 -31
108 -32
109 -33
108 -33
109 -32
110 -33
109 -34
110 -33
109 -32
108 -33
109 -34
108 -34
107 -35
108 -35
109 -34
109 -33
109 -34
110 -35
109 -35
108 -35
107 -36
108 -36
109 -36
110 -35
111 -35
111 -34
111 -33
111 -32
110 -31
109 -30
108 -31
109 -30
110 -30
109 -30
110 -29
110 -28
111 -29
112 -29
113 -30
113 -31
114 -32
114 -32
113 -32
114 -32
115 -32
114 -31
115 -32
116 -32
117 -33
116 -34
116 -34
117 -34
118 -34
119 -34
120 -35
121 -34
121 -33
121 -34
120 -33
119 -34
120 -34
119 -34
118 -34
118 -35
118 -34
117 -34
117 -35
116 -34
117 -33
116 -32
117 -31
118 -31
117 -30
116 -29
117 -28
116 -28
117 -28
118 -28
118 -28
117 -29
116 -28
115 -29
115 -28
115 -28
114 -29
113 -28
114 -27
114 -28
115 -29
114 -30
114 -30
113 -30
112 -29
111 -28
110 -27
110 -27
109 -27
109 -28
108 -29
108 -30
108 -31
107 -30
108 -31
107 -30
108 -31
107 -31
108 -31
109 -32
109 -31
109 -32
110 -31
109 -30
108 -31
109 -31
110 -32
110 -33
111 -33
112 -33
113 -34
114 -34
113 -34
113 -35
113 -35
112 -36
112 -36
112 -36
112 -35
111 -34
111 -33
112 -34
112 -33
111 -33
111 -34
112 -35
112 -34
112 -35
111 -36
112 -35
112 -34
111 -34
111 -34
110 -33
109 -33
109 -34
110 -35
110 -36
110 -35
111 -36
110 -37
109 -38
110 -39
110 -39
110 -38
110 -39
110 -40
109 -41
108 -42
109 -41
110 -40
109 -41
108 -40
109 -39
109 -40
109 -39
110 -40
109 -39
110 -39
111 -38
112 -39
111 -39
112 -38
111 -37
111 -36
110 -35
111 -35
112 -34
111 -35
110 -36
109 -37
109 -37
108 -37
107 -37
108 -36
108 -35
108 -35
108 -36
108 -36
107 -36
108 -37
107 -36
107 -35
107 -35
108 -35
108 -34
107 -33
107 -33
106 -32
107 -32
108 -33
108 -33
108 -33
107 -32
106 -33
105 -32
104 -31
105 -30
105 -30
104 -29
103 -29
103 -29
104 -28
103 -28
102 -29
101 -30
101 -29
102 -30
102 -29
101 -28
102 -27
102 -28
103 -29
103 -28
104 -29
103 -28
102 -29
103 -30
104 -31
104 -30
103 -29
102 -29
101 -28
102 -28
101 -27
101 -28
101 -29
100 -30
101 -30
102 -30
101 -30
102 -30
102 -31
101 -31
102 -30
101 -29
102 -28
102 -29
101 -30
101 -30
102 -29
101 -30
102 -31
103 -31
103 -31
103 -31
103 -31
104 -32
105 -31
106 -30
105 -30
105 -30
105 -30
105 -30
105 -31
104 -31
105 -30
104 -31
104 -32
103 -33
102 -34
101 -35
102 -36
103 -35
103 -35
104 -34
103 -35
103 -35
102 -35
103 -34
104 -35
104 -34
105 -34
104 -33
105 -34
106 -33
107 -33
106 -34
105 -33
105 -33
104 -32
105 -33
104 -34
103 -35
103 -34
102 -33
103 -33
102 -32
102 -31
101 -30
102 -30
103 -30
102 -31
102 -30
102 -31
101 -30
101 -31
101 -30
100 -31
100 -32
99 -32
99 -31
100 -30
101 -31
101 -30
102 -29
103 -29
103 -30
103 -29
104 -30
104 -30
104 -31
104 -32
105 -33
105 -33
104 -34
105 -34
106 -33
106 -34
107 -35
106 -34
105 -35
106 -34
106 -35
105 -36
105 -35
105 -36
104 -37
105 -36
104 -36
105 -37
105 -37
106 -36
105 -35
104 -35
105 -34
105 -35
106 -34
107 -35
108 -34
107 -35
108 -34
108 -33
107 -33
108 -34
109 -33
110 -32
110 -32
109 -31
110 -32
110 -32
110 -32
110 -31
111 -30
110 -29
111 -28
110 -28
111 -27
110 -26
109 -27
108 -28
108 -28
107 -28
106 -29
105 -28
104 -27
105 -27
106 -26
105 -27
106 -28
105 -28
105 -28
105 -28
106 -29
105 -29
106 -28
107 -29
107 -29
106 -28
105 -28
104 -28
103 -28
103 -27
103 -28
104 -27
105 -27
104 -26
104 -25
104 -26
105 -25
104 -24
104 -24
104 -23
103 -23
102 -24
102 -25
101 -25
100 -25
100 -26
99 -25
99 -25
99 -25
98 -25
97 -26
98 -27
98 -28
99 -27
100 -26
101 -26
100 -26
100 -26
100 -27
101 -28
101 -27
102 -27
101 -28
101 -27
101 -26
101 -25
102 -24
102 -24
102 -24
102 -25
102 -24
101 -24
102 -24
102 -25
103 -25
103 -25
102 -25
101 -26
100 -27
100 -28
101 -29
100 -30
99 -31
98 -30
98 -30
99 -30
98 -29
97 -28
96 -28
97 -27
97 -27
97 -28
96 -27
95 -26
96 -26
97 -26
96 -25
97 -24
96 -23
95 -23
95 -24
94 -23
93 -22
94 -23
93 -24
93 -25
93 -26
92 -25
91 -25
91 -24
91 -23
90 -23
91 -23
92 -22
92 -23
93 -22
92 -22
92 -21
93 -22
93 -23
93 -24
92 -25
91 -26
92 -27
91 -26
91 -27
92 -26
91 -26
90 -27
89 -26
90 -25
89 -25
90 -25
91 -25
91 -25
91 -24
90 -25
89 -25
90 -24
89 -24
89 -23
88 -22
89 -23
88 -24
89 -23
88 -23
89 -22
90 -22
91 -22
92 -21
93 -22
92 -22
92 -21
91 -22
92 -21
91 -20
90 -21
91 -22
90 -21
89 -22
88 -23
87 -22
88 -23
89 -24
89 -25
90 -26
90 -25
91 -24
90 -24
89 -23
89 -22
90 -22
90 -21
89 -21
88 -22
89 -22
89 -23
90 -22
90 -21
89 -20
90 -20
90 -21
90 -22
90 -22
90 -22
91 -21
90 -20
91 -20
92 -21
92 -21
91 -22
90 -22
91 -23
91 -24
91 -24
92 -24
92 -25
91 -24
92 -24
93 -25
93 -25
92 -25
92 -25
91 -26
92 -26
93 -25
93 -26
92 -26
93 -26
94 -25
95 -24
94 -24
95 -25
96 -24
95 -25
95 -24
94 -25
95 -26
96 -25
96 -26
96 -26
95 -27
94 -28
95 -29
96 -29
96 -29
96 -30
97 -29
98 -30
98 -29
99 -28
98 -28
99 -27
98 -27
98 -26
99 -26
98 -27
98 -28
97 -29
97 -29
98 -29
97 -28
96 -27
96 -28
96 -27
95 -27
96 -26
96 -27
96 -26
95 -27
95 -27
94 -28
94 -29
93 -28
92 -28
92 -28
92 -27
92 -26
93 -27
94 -26
93 -25
93 -26
92 -27
93 -28
93 -29
92 -29
93 -29
94 -28
95 -28
94 -27
94 -26
95 -26
95 -27
94 -26
95 -26
96 -25
96 -26
95 -26
94 -25
93 -24
93 -25
94 -26
95 -25
96 -26
97 -25
96 -26
95 -27
95 -28
96 -29
95 -29
95 -29
96 -30
96 -30
97 -30
97 -31
97 -32
96 -33
97 -33
97 -33
97 -32
96 -31
96 -31
95 -31
94 -31
94 -30
95 -30
94 -30
95 -29
96 -29
97 -29
96 -29
96 -28
96 -27
95 -26
95 -26
95 -25
94 -24
94 -25
93 -24
94 -24
94 -23
95 -24
96 -25
96 -24
95 -25
95 -24
96 -24
95 -25
96 -26
96 -26
96 -25
97 -24
97 -24
97 -23
97 -24
98 -25
97 -26
96 -27
97 -26
96 -27
97 -28
97 -28
97 -29
97 -30
98 -29
97 -30
97 -31
96 -30
95 -29
95 -28
96 -27
97 -26
98 -25
97 -25
97 -25
98 -25
98 -26
99 -25
99 -24
98 -23
99 -24
100 -25
99 -24
98 -25
97 -26
97 -26
97 -27
97 -28
98 -29
99 -30
98 -29
98 -30
98 -30
97 -31
98 -31
98 -31
99 -30
100 -31
101 -31
102 -32
102 -31
101 -30
100 -30
100 -31
99 -32
98 -32
98 -32
99 -32
99 -31
100 -32
99 -31
99 -31
98 -31
99 -31
100 -32
101 -33
100 -34
101 -35
102 -35
102 -35
101 -35
100 -35
101 -34
100 -35
99 -35
99 -34
100 -33
100 -32
100 -33
101 -32
101 -32
101 -31
100 -31
99 -31
100 -32
101 -32
100 -31
101 -30
101 -29
102 -29
103 -28
103 -27
104 -27
105 -26
106 -27
106 -27
105 -27
104 -26
104 -27
103 -28
102 -28
103 -27
103 -28
102 -27
103 -27
104 -27
104 -26
103 -25
102 -24
101 -25
100 -25
99 -24
98 -25
99 -26
98 -26
97 -25
98 -25
99 -25
99 -25
98 -24
98 -24
99 -24
100 -25
101 -26
102 -26
102 -27
102 -28
102 -28
101 -27
101 -27
102 -27
102 -27
103 -28
104 -29
105 -30
105 -29
104 -28
105 -27
104 -28
103 -27
102 -28
102 -28
102 -27
103 -27
102 -27
103 -28
103 -27
103 -27
103 -28
103 -28
104 -29
105 -28
104 -29
104 -28
105 -28
105 -28
106 -28
106 -28
107 -27
108 -28
108 -29
107 -29
106 -30
105 -31
105 -30
105 -29
106 -29
105 -28
106 -27
105 -26
106 -26
106 -26
107 -27
106 -28
107 -28
107 -28
108 -27
108 -28
108 -27
108 -28
109 -29
110 -29
111 -28
112 -29
112 -30
113 -31
113 -32
113 -33
112 -32
112 -32
112 -33
111 -34
112 -34
111 -35
112 -36
112 -37
112 -37
113 -37
112 -38
112 -37
112 -38
111 -38
110 -39
111 -40
112 -39
111 -40
111 -41
111 -42
110 -41
109 -42
110 -41
110 -40
110 -40
109 -41
108 -40
109 -40
108 -39
107 -40
108 -40
108 -39
107 -40
106 -41
106 -42
106 -43
107 -42
107 -43
107 -44
107 -43
107 -44
106 -45
105 -44
105 -43
104 -43
103 -44
104 -45
105 -44
105 -45
106 -46
107 -45
106 -46
107 -47
106 -46
105 -45
106 -45
107 -46
107 -46
108 -45
108 -46
109 -47
108 -48
107 -48
108 -47
108 -46
107 -47
108 -47
109 -47
110 -47
111 -48
110 -47
109 -47
109 -47
110 -46
109 -46
108 -47
109 -48
110 -48
109 -47
110 -46
111 -46
112 -45
113 -46
114 -47
114 -47
113 -48
113 -47
113 -48
113 -49
113 -49
113 -48
113 -47
113 -47
114 -48
114 -47
115 -48
116 -48
116 -49
115 -49
115 -50
115 -50
114 -50
114 -51
114 -51
115 -51
115 -50
116 -51
117 -52
118 -53
117 -54
117 -55
116 -56
115 -57
116 -57
115 -57
115 -57
116 -58
115 -57
114 -57
114 -58
114 -59
113 -59
112 -60
112 -60
113 -59
114 -58
114 -59
114 -58
113 -57
113 -57
114 -57
114 -58
114 -59
114 -59
114 -60
114 -61
115 -62
114 -62
114 -62
115 -63
115 -64
116 -65
117 -64
116 -64
116 -63
117 -63
117 -63
117 -62
116 -63
116 -64
117 -64
118 -65
117 -65
117 -66
116 -65
117 -66
118 -66
117 -67
116 -66
115 -67
114 -66
113 -65
114 -66
113 -67
112 -67
112 -66
113 -65
114 -66
114 -67
113 -68
112 -69
111 -69
111 -68
110 -69
110 -68
110 -68
110 -67
111 -68
111 -67
111 -66
111 -66
112 -67
112 -68
113 -67
112 -66
113 -67
114 -67
114 -66
115 -67
115 -68
114 -68
114 -68
115 -69
115 -70
114 -69
114 -70
114 -71
113 -71
113 -71
112 -70
112 -69
111 -69
111 -70
112 -71
113 -70
112 -69
113 -70
113 -69
112 -68
113 -68
113 -69
114 -70
113 -71
113 -71
113 -71
113 -70
113 -70
114 -71
113 -71
113 -72
114 -71
113 -70
114 -71
113 -72
112 -72
112 -71
112 -70
111 -69
111 -70
112 -69
111 -70
111 -71
111 -72
110 -73
110 -74
110 -75
110 -75
109 -74
108 -74
109 -74
110 -73
110 -72
110 -72
111 -72
111 -73
111 -72
112 -73
111 -72
110 -71
111 -72
110 -72
111 -72
111 -71
110 -71
110 -72
110 -72
109 -73
110 -73
111 -73
110 -73
110 -74
109 -74
109 -74
110 -75
110 -75
109 -75
109 -75
110 -75
109 -75
110 -76
109 -76
110 -75
109 -76
108 -75
109 -76
108 -76
107 -75
108 -75
108 -76
108 -76
108 -76
109 -75
110 -76
110 -76
111 -76
110 -77
111 -78
112 -78
111 -79
111 -80
111 -79
110 -79
109 -79
109 -79
110 -79
110 -78
109 -77
108 -77
107 -77
106 -77
106 -78
106 -79
106 -79
105 -80
104 -79
105 -79
106 -79
107 -78
108 -78
108 -77
108 -76
109 -76
110 -77
111 -76
112 -75
111 -74
111 -74
112 -73
112 -73
112 -73
112 -73
111 -73
111 -74
111 -75
111 -74
112 -73
111 -73
110 -74
111 -74
110 -74
111 -74
112 -73
111 -74
112 -73
113 -74
114 -74
113 -75
113 -75
113 -74
112 -73
113 -74
112 -75
112 -76
113 -75
114 -75
113 -75
114 -75
115 -75
116 -74
115 -74
116 -74
116 -75
116 -74
117 -73
116 -74
115 -73
115 -73
116 -72
117 -72
117 -71
118 -72
117 -73
116 -74
116 -73
115 -72
115 -73
116 -73
115 -74
114 -75
113 -75
114 -76
113 -75
112 -75
112 -74
112 -75
112 -76
113 -75
113 -75
113 -75
114 -76
113 -75
113 -75
112 -76
112 -77
112 -78
113 -79
113 -79
113 -80
112 -80
113 -79
113 -78
112 -77
111 -77
112 -78
111 -77
111 -77
112 -77
111 -76
111 -75
112 -75
113 -75
112 -76
111 -76
112 -77
111 -77
111 -78
112 -77
113 -78
114 -78
114 -79
114 -80
115 -79
115 -78
114 -79
115 -80
115 -81
116 -82
117 -83
118 -83
119 -82
118 -82
118 -81
117 -80
118 -80
117 -81
118 -81
118 -80
118 -81
118 -81
119 -81
119 -82
120 -82
119 -83
118 -83
118 -82
117 -81
117 -80
116 -80
116 -80
117 -80
118 -81
117 -81
116 -82
116 -82
117 -83
116 -82
116 -81
116 -80
116 -79
115 -79
116 -80
117 -81
116 -82
117 -82
118 -82
118 -83
119 -83
119 -83
119 -83
118 -82
117 -83
116 -83
117 -83
118 -82
119 -83
119 -83
119 -82
119 -81
119 -82
120 -82
119 -82
119 -81
120 -81
121 -81
120 -81
121 -82
120 -83
120 -83
119 -83
118 -84
117 -83
116 -83
116 -83
117 -83
118 -83
119 -84
120 -83
120 -83
120 -84
121 -84
121 -84
120 -83
120 -83
120 -83
121 -82
120 -81
121 -81
122 -81
121 -80
122 -81
121 -81
121 -81
121 -82
120 -82
119 -81
120 -82
120 -82
121 -82
122 -82
122 -81
122 -80
121 -81
120 -82
119 -82
119 -82
120 -82
121 -81
120 -82
119 -82
120 -81
119 -80
119 -80
120 -81
120 -80
120 -79
119 -79
119 -79
119 -80
120 -79
119 -79
120 -79
121 -79
121 -79
120 -80
121 -80
120 -79
121 -79
122 -80
121 -79
122 -79
123 -79
124 -80
124 -81
124 -80
124 -80
123 -81
124 -81
124 -80
123 -79
123 -80
124 -81
125 -82
124 -83
124 -84
125 -85
126 -86
127 -85
127 -86
128 -86
128 -85
128 -84
129 -85
130 -85
130 -85
130 -84
130 -83
130 -84
130 -85
130 -84
129 -83
130 -84
129 -84
129 -85
129 -84
129 -85
129 -84
129 -84
129 -85
129 -86
128 -86
127 -86
128 -87
127 -88
126 -87
125 -88
126 -88
125 -87
124 -86
125 -86
124 -87
124 -86
123 -87
122 -87
123 -87
123 -86
124 -85
124 -86
125 -85
125 -86
125 -87
124 -87
123 -86
124 -87
124 -86
124 -87
124 -87
123 -86
122 -87
121 -86
122 -87
122 -87
121 -88
121 -88
122 -87
122 -87
121 -86
120 -86
121 -86
122 -86
122 -87
122 -86
123 -85
124 -84
124 -84
125 -84
125 -85
126 -86
127 -85
127 -86
128 -85
129 -84
128 -84
129 -83
128 -84
129 -85
128 -86
128 -85
129 -85
130 -86
129 -86
129 -85
129 -84
128 -84
129 -83
129 -83
128 -84
128 -84
129 -85
130 -85
129 -85
128 -85
129 -84
129 -83
128 -82
129 -82
128 -82
129 -83
128 -82
128 -82
129 -82
130 -82
130 -83
131 -82
131 -83
132 -82
131 -81
132 -80
133 -80
132 -79
133 -80
134 -79
133 -79
133 -80
132 -81
131 -82
131 -81
132 -80
132 -81
131 -81
132 -81
132 -80
133 -80
132 -80
133 -79
134 -79
133 -80
133 -81
134 -82
134 -83
133 -82
134 -82
133 -81
133 -82
132 -83
132 -82
131 -83
131 -84
130 -85
131 -86
131 -86
132 -85
133 -86
133 -86
132 -86
131 -85
131 -84
130 -83
129 -84
130 -85
130 -85
131 -85
130 -85
131 -84
130 -83
130 -82
131 -83
130 -82
130 -81
131 -81
130 -80
129 -81
128 -82
128 -83
128 -83
129 -84
128 -84
127 -85
127 -85
128 -85
128 -85
129 -85
130 -85
129 -84
130 -84
129 -83
129 -82
129 -82
129 -83
130 -82
130 -81
130 -81
130 -80
130 -80
129 -79
128 -80
127 -80
127 -80
126 -81
125 -82
126 -83
125 -84
124 -85
123 -84
124 -85
124 -86
123 -87
122 -86
121 -85
122 -85
121 -85
121 -86
122 -87
123 -86
122 -87
122 -86
122 -85
121 -85
121 -86
120 -86
119 -85
119 -84
118 -85
117 -85
116 -85
115 -86
115 -86
116 -86
117 -87
116 -87
116 -88
115 -87
115 -86
116 -85
116 -86
116 -85
117 -86
116 -87
117 -87
118 -86
117 -86
116 -85
116 -86
115 -87
114 -86
114 -86
114 -86
115 -87
115 -87
114 -88
113 -88
112 -88
111 -87
112 -88
113 -88
114 -89
114 -90
115 -91
115 -90
116 -89
115 -89
116 -88
115 -88
116 -88
117 -88
117 -88
117 -87
118 -87
117 -86
118 -86
117 -86
118 -87
117 -87
116 -86
117 -86
118 -87
117 -88
117 -89
118 -88
117 -87
117 -88
116 -87
115 -88
116 -88
116 -89
116 -89
115 -90
116 -90
116 -91
115 -90
116 -90
116 -89
116 -90
117 -89
118 -88
119 -88
118 -88
118 -88
117 -88
116 -88
117 -88
118 -89
117 -88
118 -88
117 -88
117 -89
117 -89
118 -89
117 -90
116 -89
117 -89
117 -88
117 -89
116 -89
117 -90
118 -89
117 -88
118 -89
117 -88
117 -88
116 -88
116 -89
115 -90
114 -89
113 -88
114 -89
115 -89
115 -90
115 -90
115 -90
116 -90
115 -90
115 -89
114 -89
114 -90
113 -90
112 -91
111 -90
112 -89
113 -88
114 -87
113 -86
113 -86
112 -86
113 -86
112 -85
111 -86
111 -87
111 -87
110 -86
111 -87
110 -87
111 -88
112 -89
111 -88
112 -89
113 -90
112 -89
113 -90
112 -91
113 -90
113 -90
113 -89
112 -90
111 -90
111 -91
110 -90
110 -91
109 -92
108 -93
109 -93
110 -94
111 -93
111 -92
112 -91
112 -90
113 -91
112 -91
113 -92
114 -93
114 -92
113 -92
112 -93
113 -92
113 -91
113 -90
113 -90
112 -90
113 -91
114 -92
113 -92
112 -93
112 -94
113 -94
112 -95
111 -94
111 -94
111 -93
110 -92
111 -93
110 -92
109 -93
109 -94
108 -94
107 -94
106 -95
107 -95
108 -94
107 -94
108 -95
107 -95
108 -95
109 -96
108 -97
109 -97
110 -98
111 -97
111 -97
111 -97
111 -97
112 -98
112 -99
111 -99
112 -99
111 -100
110 -100
109 -99
110 -100
110 -99
109 -98
109 -99
108 -100
108 -99
109 -98
108 -97
107 -97
108 -97
108 -96
109 -95
108 -94
108 -94
107 -93
107 -94
106 -95
105 -95
106 -95
106 -95
106 -96
105 -97
105 -96
105 -97
104 -96
105 -95
105 -96
104 -96
103 -95
102 -94
101 -94
101 -94
100 -94
101 -93
100 -94
100 -93
100 -94
100 -94
99 -93
100 -92
99 -91
99 -90
100 -91
99 -92
100 -91
99 -90
100 -91
101 -91
100 -92
101 -92
101 -93
102 -94
102 -95
102 -96
101 -97
101 -98
101 -98
100 -98
99 -97
100 -96
101 -96
102 -96
103 -97
103 -96
103 -96
104 -97
105 -98
104 -99
103 -99
102 -98
103 -98
102 -98
103 -99
102 -99
102 -100
101 -100
100 -101
100 -101
100 -101
101 -102
101 -101
101 -100
101 -100
101 -101
100 -102
101 -102
100 -101
101 -101
101 -101
100 -101
99 -100
98 -100
99 -100
100 -99
99 -99
100 -98
101 -97
100 -96
101 -97
102 -98
101 -99
100 -100
100 -100
101 -101
100 -100
100 -100
100 -99
100 -100
101 -99
102 -99
102 -99
103 -99
104 -98
104 -98
103 -99
104 -99
104 -100
103 -99
102 -99
101 -99
102 -98
103 -98
102 -98
103 -98
103 -98
104 -99
103 -98
103 -99
103 -99
104 -98
104 -97
105 -98
105 -98
106 -99
107 -98
107 -97
106 -97
107 -96
107 -97
106 -97
107 -97
107 -97
107 -96
107 -96
107 -95
107 -95
107 -96
107 -96
108 -96
108 -96
107 -96
108 -95
108 -94
108 -94
108 -94
107 -95
108 -96
107 -97
107 -98
106 -97
106 -98
105 -99
105 -99
104 -100
105 -101
104 -100
104 -99
104 -98
103 -99
103 -99
103 -98
104 -99
103 -100
104 -100
105 -100
105 -101
104 -100
105 -101
105 -101
104 -102
105 -101
105 -101
104 -100
104 -99
105 -99
105 -100
104 -101
104 -101
105 -100
104 -100
103 -100
102 -99
103 -99
103 -98
102 -98
101 -97
102 -97
102 -98
103 -99
102 -100
103 -99
104 -99
105 -99
105 -99
104 -100
103 -100
103 -101
103 -101
102 -100
101 -99
100 -99
99 -98
100 -99
101 -98
100 -99
99 -98
98 -97
97 -97
98 -96
98 -97
98 -96
97 -95
97 -96
98 -97
98 -98
97 -99
97 -98
97 -97
96 -98
95 -97
95 -98
94 -97
93 -96
94 -96
95 -95
96 -94
96 -93
96 -93
96 -92
96 -92
96 -92
95 -91
96 -90
95 -90
94 -90
95 -89
94 -90
95 -90
94 -91
94 -90
95 -90
95 -90
96 -90
95 -90
96 -91
96 -90
95 -89
94 -89
94 -89
94 -89
94 -88
94 -87
94 -88
93 -87
92 -87
93 -88
92 -87
92 -87
93 -88
94 -87
95 -86
94 -85
93 -85
94 -85
94 -85
94 -85
93 -85
93 -85
94 -85
93 -86
94 -86
95 -86
94 -85
95 -86
96 -86
96 -85
97 -85
98 -84
99 -83
99 -82
99 -82
100 -82
99 -83
100 -83
99 -84
100 -85
99 -86
98 -86
97 -87
96 -86
97 -85
96 -85
95 -84
96 -85
97 -86
98 -86
97 -87
96 -87
97 -86
98 -85
98 -86
98 -85
98 -86
99 -86
98 -85
99 -85
98 -85
98 -86
99 -85
99 -86
99 -85
99 -86
100 -85
100 -86
101 -86
102 -87
103 -87
103 -88
104 -88
104 -88
103 -89
103 -88
102 -89
103 -88
104 -87
103 -88
103 -88
102 -88
102 -88
103 -89
102 -89
102 -89
103 -89
102 -88
102 -87
102 -88
101 -89
100 -89
99 -88
100 -89
101 -89
101 -88
101 -87
102 -87
102 -88
101 -88
101 -89
101 -89
101 -88
102 -89
103 -88
104 -87
105 -88
104 -88
105 -87
106 -86
105 -85
106 -86
105 -87
104 -87
104 -87
105 -88
105 -87
106 -87
106 -87
105 -86
105 -87
106 -86
107 -86
108 -86
108 -85
109 -85
108 -84
107 -84
106 -83
105 -84
105 -83
105 -82
105 -81
104 -81
105 -81
105 -82
106 -82
105 -83
104 -84
103 -83
104 -83
103 -82
104 -83
104 -83
103 -82
104 -81
104 -80
103 -80
103 -79
103 -80
102 -81
102 -82
102 -82
103 -82
103 -82
104 -82
105 -83
105 -82
106 -82
106 -81
105 -80
106 -80
107 -81
106 -82
107 -82
106 -82
106 -82
105 -82
106 -83
105 -82
105 -81
105 -81
104 -81
105 -80
104 -80
104 -79
104 -80
105 -79
106 -78
105 -78
106 -78
107 -77
107 -76
107 -75
108 -76
107 -75
107 -74
107 -73
108 -73
107 -74
106 -74
105 -73
105 -72
106 -73
105 -73
105 -73
105 -74
104 -73
105 -73
106 -72
105 -73
106 -73
105 -74
105 -74
105 -75
106 -75
106 -74
106 -73
107 -74
108 -75
109 -76
110 -77
110 -76
110 -75
110 -76
110 -77
111 -78
110 -77
110 -77
109 -78
110 -77
109 -78
108 -78
109 -79
108 -80
107 -79
107 -78
107 -77
106 -77
105 -76
104 -77
105 -78
106 -79
106 -79
107 -78
108 -78
109 -77
110 -77
109 -76
108 -75
109 -76
109 -76
108 -76
108 -77
108 -77
107 -76
107 -76
106 -75
105 -75
104 -75
103 -76
103 -75
104 -76
103 -76
104 -77
103 -78
104 -79
104 -78
104 -78
103 -77
104 -77
104 -77
103 -78
102 -77
103 -77
104 -76
104 -77
104 -78
104 -78
105 -77
106 -77
105 -77
105 -77
104 -77
105 -77
106 -78
107 -79
106 -79
107 -78
106 -79
105 -79
105 -80
104 -80
103 -80
104 -81
105 -80
105 -81
106 -80
107 -80
106 -80
105 -80
104 -79
103 -78
102 -79
101 -79
100 -79
100 -80
99 -80
98 -81
99 -81
99 -82
100 -83
99 -84
98 -83
98 -83
99 -83
100 -84
99 -83
100 -84
100 -85
100 -85
101 -85
101 -86
101 -85
102 -86
103 -86
104 -85
105 -86
105 -86
105 -87
106 -86
105 -86
104 -85
104 -84
104 -85
105 -86
104 -87
105 -87
105 -87
105 -86
106 -85
106 -84
107 -84
106 -83
106 -83
106 -83
107 -82
107 -81
108 -82
107 -83
108 -84
109 -83
109 -84
108 -83
108 -82
107 -83
108 -83
109 -84
108 -85
108 -84
108 -85
109 -86
110 -87
111 -87
112 -88
112 -89
112 -89
111 -88
112 -87
112 -86
113 -86
113 -87
114 -86
115 -85
116 -85
116 -85
117 -84
118 -84
118 -85
117 -85
118 -86
117 -85
116 -84
117 -83
118 -82
118 -82
118 -81
118 -82
119 -81
120 -81
121 -82
122 -83
121 -83
120 -82
119 -81
120 -81
120 -82
121 -81
122 -81
122 -80
122 -80
121 -80
121 -80
120 -80
121 -79
122 -79
121 -80
120 -81
119 -82
120 -82
120 -82
119 -83
118 -84
117 -85
116 -86
117 -85
116 -84
115 -84
115 -85
114 -85
114 -85
113 -85
114 -86
115 -86
116 -85
116 -86
116 -87
117 -88
116 -88
117 -89
116 -89
115 -90
115 -91
114 -92
114 -92
114 -93
114 -93
113 -92
114 -92
113 -91
114 -92
115 -92
115 -93
116 -94
115 -93
114 -93
115 -94
116 -93
116 -93
116 -94
117 -93
117 -94
118 -93
118 -92
119 -91
118 -92
118 -92
118 -92
119 -93
119 -92
118 -91
118 -91
119 -92
120 -93
119 -94
119 -93
119 -93
120 -92
121 -93
121 -92
122 -91
122 -91
121 -91
121 -92
121 -92
122 -91
121 -92
122 -93
123 -92
122 -93
121 -93
121 -93
120 -92
119 -93
118 -94
117 -94
116 -94
116 -95
115 -96
115 -96
116 -97
116 -98
115 -97
114 -96
113 -96
113 -97
113 -98
114 -97
114 -96
115 -95
116 -95
115 -96
116 -95
117 -95
118 -96
119 -96
118 -95
119 -94
119 -93
120 -94
119 -95
119 -96
119 -97
120 -97
120 -98
121 -99
122 -99
123 -100
123 -100
124 -99
124 -99
123 -98
124 -97
124 -98
123 -98
124 -99
125 -98
126 -98
126 -97
126 -96
127 -97
128 -96
127 -95
127 -96
126 -97
125 -97
124 -96
125 -97
125 -96
125 -95
126 -95
126 -94
127 -93
127 -94
128 -94
129 -95
129 -94
129 -94
129 -93
129 -93
128 -92
129 -91
128 -92
127 -92
128 -93
127 -92
126 -93
127 -92
126 -91
125 -91
126 -91
127 -92
128 -92
127 -91
127 -90
128 -90
128 -91
127 -92
126 -91
127 -91
128 -92
129 -92
128 -93
127 -94
128 -94
127 -94
128 -95
129 -94
130 -93
130 -94
129 -95
130 -96
129 -97
128 -98
128 -99
127 -98
127 -98
127 -98
126 -97
126 -97
126 -98
126 -97
125 -98
126 -98
127 -99
128 -99
129 -98
128 -99
127 -98
127 -98
128 -98
129 -97
129 -98
130 -97
131 -97
130 -97
131 -98
130 -98
130 -98
130 -98
129 -98
130 -99
130 -98
131 -97
131 -98
130 -99
131 -99
132 -100
131 -101
132 -100
133 -99
134 -99
134 -100
134 -99
134 -99
133 -99
132 -100
131 -101
130 -102
129 -103
129 -103
129 -102
129 -102
130 -101
130 -102
131 -101
131 -101
131 -100
131 -100
131 -100
132 -100
131 -99
132 -100
133 -99
133 -100
134 -100
133 -99
133 -100
133 -100
132 -101
131 -101
130 -102
131 -101
132 -102
132 -103
131 -103
130 -103
129 -102
130 -103
131 -104
130 -103
129 -103
130 -103
130 -104
131 -103
131 -104
130 -105
130 -106
130 -105
131 -106
130 -105
131 -106
132 -107
131 -108
132 -107
133 -106
132 -105
133 -106
133 -107
133 -107
134 -106
135 -105
135 -104
134 -103
133 -104
134 -105
135 -106
134 -105
133 -105
132 -105
132 -105
132 -106
132 -106
132 -105
133 -105
134 -106
135 -105
135 -106
135 -105
136 -105
137 -105
136 -106
136 -106
136 -105
137 -105
137 -105
137 -104
138 -104
137 -105
138 -104
138 -103
139 -104
139 -104
139 -103
138 -102
138 -101
139 -102
138 -101
139 -100
138 -99
138 -100
139 -99
139 -99
138 -100
137 -99
136 -100
135 -99
135 -100
134 -100
133 -100
134 -100
133 -101
134 -100
135 -101
134 -102
135 -103
134 -102
134 -101
135 -102
135 -101
135 -102
134 -102
134 -103
133 -103
134 -104
134 -105
135 -106
136 -105
135 -104
134 -105
134 -105
133 -106
132 -107
132 -107
131 -106
131 -107
130 -107
130 -107
131 -106
130 -105
129 -106
130 -106
131 -106
132 -107
132 -107
133 -107
134 -106
135 -106
134 -106
133 -105
132 -106
131 -106
132 -106
133 -106
133 -106
132 -105
132 -106
133 -105
132 -106
132 -105
131 -104
132 -103
132 -102
131 -101
132 -102
133 -103
134 -102
133 -102
133 -103
134 -102
133 -102
134 -101
134 -102
133 -101
134 -102
134 -101
135 -101
135 -100
134 -100
133 -101
133 -100
132 -101
133 -100
133 -100
134 -101
133 -102
133 -101
134 -102
134 -102
135 -101
135 -101
136 -100
135 -100
134 -99
135 -98
136 -97
137 -98
136 -98
136 -98
136 -99
135 -99
134 -100
135 -99
135 -100
134 -100
134 -100
135 -99
136 -100
136 -99
137 -99
138 -98
139 -97
139 -96
140 -96
140 -96
141 -97
142 -96
141 -95
142 -94
143 -95
143 -95
142 -96
142 -97
143 -97
144 -98
143 -99
142 -100
141 -100
142 -100
143 -99
144 -100
145 -99
145 -100
146 -100
147 -99
147 -98
146 -97
145 -98
146 -99
147 -99
146 -100
146 -99
147 -100
148 -101
149 -101
150 -102
149 -101
149 -102
148 -101
148 -100
149 -100
149 -101
150 -100
151 -99
150 -99
149 -100
150 -100
149 -99
150 -100
151 -100
150 -99
150 -98
149 -98
149 -97
150 -97
150 -98
151 -98
152 -97
153 -96
154 -95
155 -95
154 -96
153 -97
152 -98
151 -97
151 -96
151 -97
150 -96
149 -95
149 -94
148 -95
148 -96
147 -96
148 -97
147 -98
147 -99
147 -100
146 -101
146 -102
146 -102
147 -101
148 -101
147 -101
146 -102
145 -103
144 -103
144 -104
145 -104
146 -104
146 -105
147 -106
148 -106
149 -105
148 -106
148 -107
147 -108
147 -107
146 -107
146 -106
147 -105
146 -106
147 -106
148 -107
147 -106
146 -106
146 -107
147 -108
147 -107
148 -108
147 -108
146 -109
145 -108
144 -107
143 -106
143 -105
142 -106
143 -107
143 -106
142 -106
143 -105
144 -104
144 -103
143 -102
144 -102
145 -102
144 -103
145 -102
145 -103
145 -104
145 -103
144 -104
144 -104
144 -104
144 -104
145 -104
145 -104
145 -103
145 -103
145 -102
145 -101
145 -102
145 -101
146 -101
145 -100
145 -99
145 -99
145 -99
144 -98
144 -98
143 -99
143 -100
144 -100
145 -101
146 -101
147 -101
147 -102
147 -103
147 -104
146 -105
147 -106
146 -106
145 -107
146 -108
145 -109
144 -108
144 -109
143 -109
144 -109
145 -108
145 -107
146 -107
145 -106
144 -107
144 -107
143 -107
144 -108
143 -109
143 -109
143 -110
143 -109
142 -109
142 -109
142 -108
141 -107
140 -107
141 -108
140 -109
139 -108
139 -108
140 -109
140 -109
139 -110
140 -111
140 -112
140 -112
140 -113
139 -113
140 -113
141 -114
141 -113
142 -114
141 -115
140 -116
140 -116
139 -115
138 -114
138 -115
137 -115
138 -115
137 -114
136 -114
137 -113
138 -114
138 -115
138 -115
137 -115
137 -115
138 -116
138 -117
138 -118
139 -118
139 -117
140 -117
141 -116
141 -115
141 -114
141 -114
142 -114
143 -115
144 -116
144 -115
143 -116
144 -116
144 -117
144 -118
145 -119
146 -119
145 -119
146 -119
147 -118
147 -117
147 -118
146 -119
146 -120
147 -121
147 -122
148 -121
149 -120
150 -121
151 -120
151 -119
151 -119
152 -119
151 -120
151 -120
150 -119
150 -118
149 -117
150 -118
150 -117
150 -118
151 -118
150 -118
150 -119
150 -120
150 -121
150 -122
151 -123
150 -123
149 -122
150 -121
151 -120
151 -121
151 -120
151 -119
150 -120
149 -119
150 -120
149 -120
150 -121
149 -120
150 -120
149 -119
149 -120
149 -121
148 -122
148 -121
149 -122
149 -123
150 -124
150 -125
151 -124
151 -123
152 -122
153 -121
153 -120
152 -120
153 -119
153 -119
152 -118
153 -119
153 -118
152 -119
153 -119
153 -119
154 -119
153 -118
154 -119
154 -118
153 -118
154 -118
154 -118
153 -119
154 -120
153 -120
153 -119
154 -120
154 -121
154 -122
154 -121
155 -122
156 -123
157 -122
156 -123
155 -123
154 -122
155 -123
155 -124
154 -124
155 -124
155 -125
155 -125
154 -124
153 -123
153 -122
154 -123
153 -123
152 -122
153 -122
153 -123
152 -124
151 -125
150 -124
150 -123
150 -123
151 -123
151 -122
150 -121
151 -120
151 -121
150 -120
149 -119
150 -119
150 -118
150 -118
149 -118
149 -118
149 -117
149 -118
148 -118
147 -117
146 -117
146 -118
147 -117
147 -116
147 -116
148 -116
148 -117
147 -117
147 -118
148 -119
149 -120
150 -120
150 -119
150 -119
151 -118
150 -118
149 -118
148 -117
147 -118
146 -119
147 -118
148 -118
149 -118
149 -118
150 -119
151 -118
152 -119
151 -119
151 -118
151 -119
152 -118
153 -118
154 -117
153 -116
153 -116
153 -115
152 -114
153 -113
153 -112
154 -113
153 -112
153 -111
152 -110
153 -110
153 -111
152 -111
152 -112
152 -112
152 -111
151 -110
152 -110
153 -110
152 -109
152 -109
151 -108
151 -107
152 -107
152 -107
153 -107
153 -107
153 -106
152 -106
153 -106
154 -107
154 -107
155 -106
155 -107
155 -108
155 -109
155 -109
154 -110
154 -110
155 -111
155 -110
154 -109
155 -110
155 -109
154 -110
154 -110
155 -109
155 -109
155 -110
154 -109
155 -110
156 -109
156 -110
155 -109
154 -109
154 -108
154 -109
155 -110
156 -111
156 -110
156 -109
155 -110
154 -109
154 -109
155 -110
155 -109
155 -109
156 -110
155 -110
156 -111
156 -111
156 -110
157 -109
158 -109
159 -108
158 -109
157 -109
156 -108
155 -107
154 -107
154 -107
153 -106
153 -107
152 -107
153 -108
153 -107
153 -106
153 -107
154 -106
155 -106
154 -106
153 -107
152 -107
153 -106
152 -107
151 -106
152 -107
153 -107
152 -108
151 -109
152 -110
151 -110
151 -110
150 -109
149 -109
149 -110
149 -110
148 -111
147 -110
148 -111
148 -112
148 -113
147 -113
148 -112
148 -113
148 -112
148 -113
148 -113
149 -113
149 -113
148 -113
149 -113
148 -113
148 -112
148 -113
149 -112
149 -112
149 -112
148 -111
147 -111
147 -110
146 -110
146 -110
145 -110
145 -109
146 -110
145 -110
144 -109
143 -108
144 -108
144 -109
144 -109
144 -108
143 -107
144 -108
143 -109
144 -110
145 -111
144 -112
143 -113
144 -114
143 -113
143 -113
143 -112
143 -113
143 -114
144 -114
145 -115
144 -116
143 -115
144 -114
144 -114
143 -113
143 -112
144 -111
145 -111
145 -112
145 -113
146 -112
147 -113
146 -114
146 -113
145 -114
145 -113
144 -113
144 -114
145 -115
145 -115
146 -116
147 -115
148 -114
147 -115
148 -115
149 -114
150 -115
149 -116
150 -117
149 -116
149 -115
148 -116
148 -116
148 -115
147 -115
146 -114
147 -114
146 -114
145 -115
144 -114
143 -113
143 -114
144 -114
144 -115
144 -116
143 -117
142 -118
141 -118
141 -117
142 -117
142 -116
141 -116
141 -115
140 -114
141 -114
141 -115
141 -116
140 -115
140 -115
139 -116
138 -117
137 -117
137 -116
137 -117
136 -117
137 -117
137 -118
137 -119
137 -119
136 -118
135 -117
134 -117
135 -117
136 -117
135 -117
136 -116
137 -115
138 -116
139 -116
138 -116
139 -115
139 -116
140 -115
139 -116
140 -116
140 -117
139 -118
138 -117
138 -117
139 -116
140 -115
140 -115
141 -115
140 -114
141 -114
140 -115
139 -114
139 -115
140 -116
141 -115
142 -116
142 -116
143 -115
143 -116
144 -115
144 -114
145 -115
146 -116
147 -115
146 -115
145 -115
144 -115
144 -115
144 -114
145 -115
145 -114
144 -114
143 -114
142 -114
141 -115
140 -115
139 -114
139 -114
138 -115
138 -116
137 -116
138 -117
138 -116
139 -115
139 -116
138 -116
139 -117
140 -116
140 -116
140 -116
141 -116
140 -117
140 -118
140 -117
140 -116
140 -116
141 -117
140 -116
141 -116
140 -117
141 -117
140 -118
139 -118
140 -117
139 -116
139 -116
140 -116
141 -117
142 -118
143 -117
143 -118
142 -118
141 -119
142 -118
141 -119
142 -119
142 -119
143 -118
144 -118
143 -117
143 -118
144 -117
145 -117
144 -118
144 -118
143 -117
143 -118
143 -118
144 -117
144 -118
143 -117
143 -117
142 -117
143 -116
144 -116
143 -116
143 -116
144 -116
143 -116
143 -117
142 -116
142 -115
143 -114
143 -113
142 -113
143 -113
144 -112
145 -113
146 -114
145 -114
145 -114
144 -113
144 -112
143 -112
142 -111
143 -111
142 -112
141 -112
140 -112
139 -111
138 -111
138 -111
137 -111
136 -110
136 -109
135 -110
136 -111
137 -110
138 -110
138 -109
137 -108
137 -109
137 -110
136 -109
137 -109
137 -109
138 -108
139 -108
140 -108
140 -107
139 -108
138 -109
138 -108
137 -109
136 -109
136 -110
136 -111
136 -110
137 -111
136 -111
136 -110
136 -109
137 -108
136 -107
136 -107
136 -108
137 -107
138 -108
138 -108
139 -107
139 -108
138 -108
139 -107
140 -106
141 -107
141 -106
141 -106
140 -107
141 -106
141 -107
141 -106
140 -106
139 -106
140 -107
139 -106
138 -107
137 -107
136 -107
137 -107
137 -107
136 -107
136 -106
135 -106
134 -107
135 -107
136 -106
136 -107
135 -106
135 -106
136 -105
136 -106
135 -106
134 -107
133 -107
134 -106
134 -105
133 -104
134 -105
135 -106
134 -106
134 -106
135 -107
135 -107
134 -108
135 -108
136 -107
136 -106
136 -105
137 -105
136 -105
136 -105
135 -106
136 -106
135 -107
135 -107
134 -108
133 -107
134 -107
134 -108
135 -107
136 -106
135 -105
134 -105
133 -106
132 -107
131 -106
132 -105
133 -105
134 -105
133 -106
132 -107
132 -108
131 -107
130 -107
130 -107
129 -107
130 -107
130 -107
131 -108
130 -107
130 -106
130 -107
131 -107
131 -108
130 -109
129 -110
130 -109
130 -109
130 -108
131 -107
131 -106
131 -105
132 -105
132 -104
132 -103
131 -104
130 -103
130 -103
130 -103
131 -103
130 -102
130 -101
129 -101
130 -101
129 -102
130 -101
130 -102
131 -101
130 -102
130 -102
131 -101
131 -101
130 -100
130 -101
130 -101
130 -101
129 -101
128 -102
129 -101
129 -101
130 -100
130 -100
129 -101
128 -100
128 -101
129 -102
128 -101
127 -102
128 -102
129 -103
129 -103
129 -103
130 -104
129 -105
129 -106
130 -106
131 -106
130 -105
130 -105
131 -106
131 -106
131 -107
130 -108
130 -108
131 -109
130 -110
130 -110
130 -109
131 -109
131 -108
132 -107
132 -106
132 -107
133 -107
134 -106
135 -107
136 -107
135 -107
135 -107
136 -108
137 -109
136 -109
135 -108
135 -108
134 -109
135 -110
134 -109
133 -108
133 -109
134 -110
135 -110
136 -111
135 -110
134 -109
134 -108
135 -108
134 -108
135 -108
136 -108
135 -108
135 -109
136 -109
135 -108
135 -107
134 -107
133 -106
133 -106
134 -107
134 -108
133 -109
133 -108
134 -109
134 -109
133 -110
134 -110
133 -109
132 -109
132 -108
131 -109
130 -109
131 -109
132 -109
131 -108
131 -109
130 -110
131 -109
130 -108
130 -109
131 -108
130 -108
130 -107
130 -107
130 -108
131 -107
130 -108
131 -108
131 -109
130 -109
129 -108
130 -107
129 -108
129 -109
128 -108
129 -107
129 -106
130 -107
129 -108
129 -108
129 -107
130 -107
131 -107
130 -106
129 -107
129 -108
128 -107
129 -106
130 -106
130 -107
130 -106
131 -105
130 -105
131 -106
130 -106
129 -106
129 -105
130 -106
129 -105
129 -104
130 -103
131 -104
131 -104
130 -104
131 -105
132 -105
131 -105
130 -104
129 -105
130 -106
129 -107
129 -107
129 -108
128 -107
127 -106
126 -107
127 -106
126 -105
126 -106
126 -105
125 -105
124 -104
125 -104
126 -104
125 -104
124 -104
123 -105
124 -105
123 -105
124 -105
124 -104
125 -105
124 -106
123 -106
122 -105
122 -104
123 -105
124 -105
124 -106
125 -105
126 -106
127 -107
128 -106
127 -105
127 -105
127 -106
128 -106
127 -105
127 -105
128 -105
129 -106
130 -106
131 -106
132 -105
133 -105
134 -106
134 -105
134 -104
134 -105
133 -106
133 -105
133 -104
134 -103
134 -104
135 -104
135 -105
134 -105
135 -105
134 -105
135 -106
135 -107
136 -108
137 -107
138 -106
138 -107
138 -107
137 -108
136 -109
135 -110
136 -111
136 -110
135 -109
135 -108
134 -108
135 -109
134 -110
135 -109
135 -110
134 -111
133 -112
134 -112
133 -112
132 -111
132 -112
131 -111
130 -112
130 -112
130 -112
129 -111
128 -111
128 -110
129 -111
129 -110
130 -109
129 -108
129 -107
130 -106
131 -105
132 -106
133 -107
133 -108
132 -109
131 -108
131 -107
132 -106
132 -107
133 -106
134 -106
133 -106
134 -107
134 -106
134 -105
133 -106
133 -105
134 -106
135 -107
136 -106
135 -106
134 -107
134 -108
133 -107
133 -106
133 -105
133 -106
133 -107
133 -106
134 -105
134 -105
134 -105
134 -106
135 -106
134 -107
134 -106
135 -107
135 -108
136 -107
137 -106
138 -107
139 -108
139 -108
140 -107
140 -106
140 -106
139 -106
138 -107
139 -108
138 -109
137 -110
138 -110
137 -111
136 -112
136 -112
135 -112
136 -113
137 -114
136 -113
135 -114
135 -115
134 -116
135 -117
136 -117
136 -118
135 -119
135 -120
136 -121
137 -121
136 -121
135 -121
136 -121
136 -120
137 -121
136 -120
137 -120
136 -120
135 -119
135 -120
134 -121
134 -121
133 -120
132 -120
132 -121
132 -122
132 -123
131 -123
130 -123
129 -122
130 -122
131 -121
130 -121
129 -120
130 -121
130 -121
130 -121
129 -121
129 -122
130 -123
130 -124
129 -125
130 -125
129 -126
130 -126
129 -126
128 -127
128 -128
129 -129
129 -130
130 -131
130 -130
129 -131
128 -130
128 -131
128 -130
128 -129
127 -129
127 -128
126 -127
125 -128
124 -127
124 -126
123 -127
122 -127
123 -128
124 -127
124 -126
123 -125
122 -124
122 -125
122 -125
121 -126
121 -125
121 -125
122 -124
123 -125
123 -125
123 -124
123 -125
123 -125
124 -125
124 -124
124 -125
125 -126
125 -127
125 -127
126 -128
126 -127
126 -128
126 -128
126 -128
127 -127
126 -127
125 -127
126 -127
127 -126
128 -127
127 -126
126 -126
126 -125
126 -125
126 -124
126 -125
126 -124
125 -125
126 -125
125 -125
125 -126
124 -125
125 -124
125 -123
125 -122
124 -123
125 -122
126 -123
126 -122
127 -121
127 -122
127 -121
127 -121
128 -122
128 -121
129 -122
130 -121
130 -120
130 -119
131 -119
131 -120
131 -119
131 -119
132 -118
131 -117
131 -118
132 -119
131 -118
132 -117
133 -117
132 -117
131 -118
132 -117
132 -118
131 -119
131 -120
132 -119
132 -118
133 -117
132 -118
133 -118
132 -118
133 -119
134 -119
133 -118
133 -117
134 -116
133 -116
132 -117
132 -116
131 -117
132 -118
132 -118
131 -118
132 -118
132 -118
131 -119
130 -120
130 -119
130 -119
129 -120
129 -119
130 -119
131 -118
131 -119
131 -119
132 -120
133 -119
133 -119
133 -119
134 -119
134 -119
134 -120
134 -120
134 -120
134 -119
134 -120
134 -120
133 -120
134 -119
134 -118
134 -119
134 -118
135 -118
135 -118
135 -117
135 -117
136 -118
137 -118
137 -118
138 -119
137 -120
137 -120
138 -119
138 -120
137 -119
137 -120
137 -120
136 -120
137 -119
137 -119
137 -119
136 -119
135 -118
134 -117
133 -118
134 -117
133 -116
133 -116
134 -115
134 -115
133 -115
134 -114
133 -113
133 -114
134 -113
135 -114
136 -115
135 -116
134 -117
134 -116
134 -115
133 -114
133 -113
132 -114
131 -115
130 -115
131 -114
132 -113
133 -114
134 -114
134 -114
134 -113
133 -112
132 -112
133 -111
132 -112
131 -111
132 -112
133 -111
133 -110
134 -110
133 -110
134 -111
134 -112
134 -113
133 -114
133 -113
132 -114
132 -115
133 -115
134 -114
133 -114
132 -113
132 -112
133 -113
134 -114
133 -115
133 -116
132 -115
133 -114
133 -113
133 -113
134 -114
134 -113
133 -112
132 -113
133 -113
134 -114
135 -114
135 -114
135 -113
134 -113
133 -112
132 -113
131 -113
132 -113
131 -114
130 -113
131 -112
131 -113
131 -112
130 -112
131 -112
132 -112
132 -112
133 -113
133 -114
132 -114
133 -115
133 -116
133 -116
132 -117
131 -117
132 -116
132 -116
132 -115
131 -114
132 -114
131 -113
130 -113
130 -112
130 -112
130 -112
130 -111
129 -110
128 -110
128 -110
128 -110
129 -111
129 -112
128 -112
129 -113
128 -112
129 -111
129 -111
130 -110
131 -110
130 -110
129 -110
130 -110
129 -111
128 -110
127 -110
126 -109
127 -108
126 -109
127 -109
126 -109
125 -110
126 -109
125 -109
125 -108
125 -107
126 -106
126 -106
127 -106
126 -105
126 -105
126 -105
125 -106
126 -105
127 -104
128 -103
127 -104
127 -104
128 -103
128 -103
127 -102
126 -102
125 -102
124 -102
124 -102
124 -102
125 -101
126 -100
127 -99
127 -99
127 -100
126 -101
125 -102
125 -102
126 -103
125 -103
124 -103
125 -103
125 -102
126 -103
125 -104
124 -105
125 -105
124 -106
125 -107
124 -108
124 -109
125 -109
124 -108
125 -107
126 -106
125 -105
126 -105
126 -105
127 -105
128 -106
129 -107
128 -107
128 -108
128 -108
127 -107
127 -106
126 -107
127 -106
127 -107
127 -106
128 -107
127 -107
128 -106
128 -106
128 -106
127 -107
126 -108
126 -108
125 -108
124 -109
125 -108
125 -108
126 -108
127 -109
127 -110
128 -110
127 -111
127 -112
126 -111
127 -111
126 -111
127 -112
126 -112
127 -112
127 -111
128 -112
128 -111
129 -110
128 -110
127 -110
128 -111
127 -112
128 -113
129 -113
130 -114
129 -113
128 -112
128 -113
128 -114
129 -114
128 -113
129 -112
129 -112
128 -111
128 -110
129 -109
128 -108
129 -108
129 -109
128 -108
128 -109
129 -108
129 -108
128 -108
129 -108
130 -108
130 -109
130 -108
130 -109
129 -108
128 -109
129 -109
128 -108
129 -108
130 -108
131 -109
132 -110
133 -110
134 -109
133 -109
133 -109
133 -108
132 -109
133 -110
134 -110
135 -110
134 -110
135 -111
136 -112
136 -112
135 -112
135 -111
134 -111
133 -112
132 -111
132 -111
131 -111
131 -112
131 -111
132 -110
133 -109
134 -110
135 -110
136 -110
135 -111
136 -111
137 -110
136 -110
136 -110
135 -110
136 -110
136 -111
137 -112
137 -113
138 -112
139 -113
139 -112
138 -112
138 -111
139 -112
140 -112
140 -111
141 -112
141 -112
140 -113
140 -114
139 -113
140 -113
141 -113
140 -114
141 -114
142 -113
142 -113
143 -114
143 -114
143 -115
142 -115
142 -116
142 -115
142 -116
143 -115
142 -115
142 -116
142 -117
141 -118
141 -119
142 -119
143 -119
143 -118
143 -117
144 -118
144 -117
144 -116
145 -117
145 -118
144 -118
143 -118
143 -119
144 -120
143 -120
142 -120
141 -119
142 -120
143 -121
144 -121
144 -120
145 -121
146 -120
146 -119
145 -118
146 -117
146 -118
147 -117
146 -116
147 -116
147 -115
147 -114
147 -114
148 -113
147 -112
147 -113
146 -112
146 -113
145 -112
144 -112
145 -112
146 -112
147 -112
147 -112
148 -112
148 -111
148 -111
147 -110
146 -110
145 -111
145 -111
144 -112
143 -111
144 -110
144 -109
145 -109
144 -109
143 -110
143 -111
142 -111
142 -112
142 -113
142 -114
143 -113
144 -112
145 -111
146 -112
147 -111
148 -111
147 -110
148 -109
147 -108
148 -109
147 -109
146 -110
147 -110
146 -110
147 -109
148 -108
148 -109
147 -110
148 -109
149 -109
150 -110
149 -110
149 -109
150 -109
151 -110
152 -110
153 -110
152 -110
152 -109
151 -108
151 -108
151 -108
151 -107
150 -107
149 -107
149 -107
150 -106
151 -105
150 -104
150 -104
150 -105
149 -104
149 -105
150 -104
149 -104
148 -105
147 -105
147 -105
146 -105
146 -104
146 -103
146 -103
146 -103
145 -102
145 -101
145 -102
145 -103
144 -104
144 -103
143 -104
142 -104
142 -103
143 -102
143 -101
143 -101
144 -102
145 -102
145 -101
144 -100
145 -99
144 -98
145 -98
145 -99
145 -98
146 -99
146 -100
147 -99
148 -100
149 -100
150 -101
150 -101
151 -102
150 -103
149 -102
149 -102
149 -103
150 -103
151 -102
151 -103
152 -104
152 -105
151 -104
152 -104
151 -105
152 -104
152 -103
153 -102
154 -101
154 -101
154 -102
155 -102
156 -101
155 -101
155 -102
155 -101
154 -102
153 -101
153 -100
153 -101
152 -102
152 -102
153 -101
153 -101
152 -101
151 -100
150 -99
150 -99
149 -100
150 -99
151 -98
151 -97
150 -97
151 -98
151 -97
150 -98
151 -97
150 -97
150 -96
149 -95
150 -96
149 -96
150 -95
151 -95
152 -94
151 -95
152 -96
153 -95
152 -96
153 -95
153 -95
152 -95
153 -95
153 -95
154 -96
155 -97
154 -97
154 -98
155 -97
154 -98
155 -98
155 -98
154 -97
155 -96
155 -95
155 -96
155 -95
156 -95
157 -96
156 -97
156 -98
157 -98
158 -98
159 -98
160 -97
159 -98
160 -99
161 -99
160 -100
161 -101
162 -100
161 -99
160 -98
160 -99
160 -100
159 -101
158 -100
158 -101
158 -101
158 -100
159 -101
160 -101
159 -100
159 -100
159 -101
159 -102
159 -101
160 -102
159 -102
158 -103
158 -102
158 -103
157 -104
157 -103
158 -102
159 -103
159 -102
160 -103
159 -104
158 -105
159 -104
159 -103
159 -104
158 -104
157 -103
156 -104
155 -103
156 -103
155 -103
156 -102
157 -101
158 -101
158 -100
159 -100
158 -100
159 -101
160 -100
160 -99
159 -98
159 -99
160 -98
161 -97
161 -98
162 -99
161 -99
162 -99
163 -100
162 -100
161 -99
160 -100
160 -101
161 -101
162 -101
161 -102
160 -101
160 -101
160 -100
161 -101
161 -101
161 -100
161 -99
